   4.0000000e+03   1.8040000e-03
   3.9980000e+03   1.6457273e-03
   3.9960000e+03   1.5008182e-03
   3.9940000e+03   1.3782727e-03
   3.9920000e+03   1.2710909e-03
   3.9900000e+03   1.2078182e-03
   3.9880000e+03   1.1994545e-03
   3.9860000e+03   1.2209091e-03
   3.9840000e+03   1.2604545e-03
   3.9820000e+03   1.3034545e-03
   3.9800000e+03   1.3392727e-03
   3.9780000e+03   1.3752727e-03
   3.9760000e+03   1.4281818e-03
   3.9740000e+03   1.4840000e-03
   3.9720000e+03   1.5168182e-03
   3.9700000e+03   1.5386364e-03
   3.9680000e+03   1.5650909e-03
   3.9660000e+03   1.5950000e-03
   3.9640000e+03   1.6372727e-03
   3.9620000e+03   1.6931818e-03
   3.9600000e+03   1.7387273e-03
   3.9580000e+03   1.7641818e-03
   3.9560000e+03   1.7943636e-03
   3.9540000e+03   1.8296364e-03
   3.9520000e+03   1.8433636e-03
   3.9500000e+03   1.8250000e-03
   3.9480000e+03   1.7698182e-03
   3.9460000e+03   1.6785455e-03
   3.9440000e+03   1.5810000e-03
   3.9420000e+03   1.5070909e-03
   3.9400000e+03   1.4490000e-03
   3.9380000e+03   1.3980909e-03
   3.9360000e+03   1.3766364e-03
   3.9340000e+03   1.4045455e-03
   3.9320000e+03   1.4925455e-03
   3.9300000e+03   1.6417273e-03
   3.9280000e+03   1.8159091e-03
   3.9260000e+03   1.9776364e-03
   3.9240000e+03   2.1178182e-03
   3.9220000e+03   2.2493636e-03
   3.9200000e+03   2.3621818e-03
   3.9180000e+03   2.4595455e-03
   3.9160000e+03   2.5370000e-03
   3.9140000e+03   2.5735455e-03
   3.9120000e+03   2.5843636e-03
   3.9100000e+03   2.6021818e-03
   3.9080000e+03   2.6263636e-03
   3.9060000e+03   2.6526364e-03
   3.9040000e+03   2.6931818e-03
   3.9020000e+03   2.7270000e-03
   3.9000000e+03   2.7325455e-03
   3.8980000e+03   2.7299091e-03
   3.8960000e+03   2.7220000e-03
   3.8940000e+03   2.7068182e-03
   3.8920000e+03   2.6915455e-03
   3.8900000e+03   2.6692727e-03
   3.8880000e+03   2.6185455e-03
   3.8860000e+03   2.5714545e-03
   3.8840000e+03   2.5743636e-03
   3.8820000e+03   2.6084545e-03
   3.8800000e+03   2.6367273e-03
   3.8780000e+03   2.6334545e-03
   3.8760000e+03   2.6074545e-03
   3.8740000e+03   2.5998182e-03
   3.8720000e+03   2.6186364e-03
   3.8700000e+03   2.6269091e-03
   3.8680000e+03   2.6179091e-03
   3.8660000e+03   2.6108182e-03
   3.8640000e+03   2.6509091e-03
   3.8620000e+03   2.7427273e-03
   3.8600000e+03   2.8348182e-03
   3.8580000e+03   2.8850000e-03
   3.8560000e+03   2.8930000e-03
   3.8540000e+03   2.9218182e-03
   3.8520000e+03   3.0278182e-03
   3.8500000e+03   3.0744545e-03
   3.8480000e+03   3.0179091e-03
   3.8460000e+03   2.9090909e-03
   3.8440000e+03   2.8205455e-03
   3.8420000e+03   2.8098182e-03
   3.8400000e+03   2.8961818e-03
   3.8380000e+03   3.0480909e-03
   3.8360000e+03   3.1759091e-03
   3.8340000e+03   3.2846364e-03
   3.8320000e+03   3.4382727e-03
   3.8300000e+03   3.6336364e-03
   3.8280000e+03   3.8233636e-03
   3.8260000e+03   3.9590909e-03
   3.8240000e+03   3.9960000e-03
   3.8220000e+03   3.9340909e-03
   3.8200000e+03   3.8365455e-03
   3.8180000e+03   3.7011818e-03
   3.8160000e+03   3.5302727e-03
   3.8140000e+03   3.3390909e-03
   3.8120000e+03   3.1249091e-03
   3.8100000e+03   2.9239091e-03
   3.8080000e+03   2.7696364e-03
   3.8060000e+03   2.6768182e-03
   3.8040000e+03   2.6142727e-03
   3.8020000e+03   2.5703636e-03
   3.8000000e+03   2.5628182e-03
   3.7980000e+03   2.5507273e-03
   3.7960000e+03   2.5217273e-03
   3.7940000e+03   2.4739091e-03
   3.7920000e+03   2.3961818e-03
   3.7900000e+03   2.2846364e-03
   3.7880000e+03   2.1404545e-03
   3.7860000e+03   1.9795455e-03
   3.7840000e+03   1.8189091e-03
   3.7820000e+03   1.6841818e-03
   3.7800000e+03   1.6135455e-03
   3.7780000e+03   1.6058182e-03
   3.7760000e+03   1.6047273e-03
   3.7740000e+03   1.5988182e-03
   3.7720000e+03   1.6137273e-03
   3.7700000e+03   1.6567273e-03
   3.7680000e+03   1.7014545e-03
   3.7660000e+03   1.7124545e-03
   3.7640000e+03   1.6589091e-03
   3.7620000e+03   1.5137273e-03
   3.7600000e+03   1.3450000e-03
   3.7580000e+03   1.2370000e-03
   3.7560000e+03   1.1692727e-03
   3.7540000e+03   1.1027273e-03
   3.7520000e+03   1.0535455e-03
   3.7500000e+03   1.0679091e-03
   3.7480000e+03   1.1817273e-03
   3.7460000e+03   1.4201818e-03
   3.7440000e+03   1.7554545e-03
   3.7420000e+03   2.0721818e-03
   3.7400000e+03   2.3302727e-03
   3.7380000e+03   2.5806364e-03
   3.7360000e+03   2.8611818e-03
   3.7340000e+03   3.1529091e-03
   3.7320000e+03   3.3620000e-03
   3.7300000e+03   3.4279091e-03
   3.7280000e+03   3.3519091e-03
   3.7260000e+03   3.1983636e-03
   3.7240000e+03   3.0378182e-03
   3.7220000e+03   2.8604545e-03
   3.7200000e+03   2.6151818e-03
   3.7180000e+03   2.2730000e-03
   3.7160000e+03   1.8840909e-03
   3.7140000e+03   1.5366364e-03
   3.7120000e+03   1.2832727e-03
   3.7100000e+03   1.1369091e-03
   3.7080000e+03   1.0422727e-03
   3.7060000e+03   9.6018182e-04
   3.7040000e+03   9.2927273e-04
   3.7020000e+03   1.0024545e-03
   3.7000000e+03   1.1747273e-03
   3.6980000e+03   1.3800000e-03
   3.6960000e+03   1.5772727e-03
   3.6940000e+03   1.7393636e-03
   3.6920000e+03   1.8556364e-03
   3.6900000e+03   1.9667273e-03
   3.6880000e+03   2.0901818e-03
   3.6860000e+03   2.1374545e-03
   3.6840000e+03   2.0998182e-03
   3.6820000e+03   2.0296364e-03
   3.6800000e+03   1.9459091e-03
   3.6780000e+03   1.8692727e-03
   3.6760000e+03   1.8399091e-03
   3.6740000e+03   1.8685455e-03
   3.6720000e+03   1.8938182e-03
   3.6700000e+03   1.9506364e-03
   3.6680000e+03   2.0500000e-03
   3.6660000e+03   2.1120000e-03
   3.6640000e+03   2.1549091e-03
   3.6620000e+03   2.2400000e-03
   3.6600000e+03   2.3668182e-03
   3.6580000e+03   2.5001818e-03
   3.6560000e+03   2.6270909e-03
   3.6540000e+03   2.7193636e-03
   3.6520000e+03   2.7657273e-03
   3.6500000e+03   2.8277273e-03
   3.6480000e+03   2.9449091e-03
   3.6460000e+03   3.0018182e-03
   3.6440000e+03   2.9407273e-03
   3.6420000e+03   2.8183636e-03
   3.6400000e+03   2.6882727e-03
   3.6380000e+03   2.5680000e-03
   3.6360000e+03   2.4568182e-03
   3.6340000e+03   2.3569091e-03
   3.6320000e+03   2.2729091e-03
   3.6300000e+03   2.2293636e-03
   3.6280000e+03   2.2627273e-03
   3.6260000e+03   2.3250909e-03
   3.6240000e+03   2.3582727e-03
   3.6220000e+03   2.3838182e-03
   3.6200000e+03   2.4535455e-03
   3.6180000e+03   2.5806364e-03
   3.6160000e+03   2.7089091e-03
   3.6140000e+03   2.8081818e-03
   3.6120000e+03   2.8769091e-03
   3.6100000e+03   2.9232727e-03
   3.6080000e+03   2.9950909e-03
   3.6060000e+03   3.1008182e-03
   3.6040000e+03   3.1832727e-03
   3.6020000e+03   3.2302727e-03
   3.6000000e+03   3.2812727e-03
   3.5980000e+03   3.3551818e-03
   3.5960000e+03   3.4470909e-03
   3.5940000e+03   3.5520909e-03
   3.5920000e+03   3.6448182e-03
   3.5900000e+03   3.7094545e-03
   3.5880000e+03   3.7652727e-03
   3.5860000e+03   3.8194545e-03
   3.5840000e+03   3.8330000e-03
   3.5820000e+03   3.7941818e-03
   3.5800000e+03   3.7341818e-03
   3.5780000e+03   3.6735455e-03
   3.5760000e+03   3.6212727e-03
   3.5740000e+03   3.5941818e-03
   3.5720000e+03   3.5913636e-03
   3.5700000e+03   3.5927273e-03
   3.5680000e+03   3.6099091e-03
   3.5660000e+03   3.6776364e-03
   3.5640000e+03   3.7671818e-03
   3.5620000e+03   3.8374545e-03
   3.5600000e+03   3.9090000e-03
   3.5580000e+03   3.9966364e-03
   3.5560000e+03   4.0842727e-03
   3.5540000e+03   4.1708182e-03
   3.5520000e+03   4.2755455e-03
   3.5500000e+03   4.3930000e-03
   3.5480000e+03   4.5141818e-03
   3.5460000e+03   4.6430000e-03
   3.5440000e+03   4.7563636e-03
   3.5420000e+03   4.8339091e-03
   3.5400000e+03   4.8920000e-03
   3.5380000e+03   4.9437273e-03
   3.5360000e+03   4.9842727e-03
   3.5340000e+03   5.0007273e-03
   3.5320000e+03   4.9900000e-03
   3.5300000e+03   4.9728182e-03
   3.5280000e+03   4.9718182e-03
   3.5260000e+03   4.9876364e-03
   3.5240000e+03   5.0031818e-03
   3.5220000e+03   4.9979091e-03
   3.5200000e+03   4.9618182e-03
   3.5180000e+03   4.9140000e-03
   3.5160000e+03   4.8764545e-03
   3.5140000e+03   4.8558182e-03
   3.5120000e+03   4.8462727e-03
   3.5100000e+03   4.8422727e-03
   3.5080000e+03   4.8505455e-03
   3.5060000e+03   4.8847273e-03
   3.5040000e+03   4.9604545e-03
   3.5020000e+03   5.0743636e-03
   3.5000000e+03   5.1941818e-03
   3.4980000e+03   5.2842727e-03
   3.4960000e+03   5.3380909e-03
   3.4940000e+03   5.3730000e-03
   3.4920000e+03   5.3920909e-03
   3.4900000e+03   5.3966364e-03
   3.4880000e+03   5.4000909e-03
   3.4860000e+03   5.4015455e-03
   3.4840000e+03   5.4032727e-03
   3.4820000e+03   5.4342727e-03
   3.4800000e+03   5.5036364e-03
   3.4780000e+03   5.5895455e-03
   3.4760000e+03   5.6902727e-03
   3.4740000e+03   5.8056364e-03
   3.4720000e+03   5.9064545e-03
   3.4700000e+03   5.9683636e-03
   3.4680000e+03   5.9944545e-03
   3.4660000e+03   5.9896364e-03
   3.4640000e+03   5.9550909e-03
   3.4620000e+03   5.9081818e-03
   3.4600000e+03   5.8623636e-03
   3.4580000e+03   5.8212727e-03
   3.4560000e+03   5.7991818e-03
   3.4540000e+03   5.8129091e-03
   3.4520000e+03   5.8600909e-03
   3.4500000e+03   5.9332727e-03
   3.4480000e+03   6.0314545e-03
   3.4460000e+03   6.1462727e-03
   3.4440000e+03   6.2549091e-03
   3.4420000e+03   6.3381818e-03
   3.4400000e+03   6.3936364e-03
   3.4380000e+03   6.4210909e-03
   3.4360000e+03   6.4183636e-03
   3.4340000e+03   6.3910000e-03
   3.4320000e+03   6.3486364e-03
   3.4300000e+03   6.3010909e-03
   3.4280000e+03   6.2651818e-03
   3.4260000e+03   6.2575455e-03
   3.4240000e+03   6.2794545e-03
   3.4220000e+03   6.3331818e-03
   3.4200000e+03   6.4365455e-03
   3.4180000e+03   6.5914545e-03
   3.4160000e+03   6.7680909e-03
   3.4140000e+03   6.9347273e-03
   3.4120000e+03   7.0730000e-03
   3.4100000e+03   7.1703636e-03
   3.4080000e+03   7.2326364e-03
   3.4060000e+03   7.2740000e-03
   3.4040000e+03   7.2899091e-03
   3.4020000e+03   7.2700000e-03
   3.4000000e+03   7.2293636e-03
   3.3980000e+03   7.2005455e-03
   3.3960000e+03   7.2027273e-03
   3.3940000e+03   7.2338182e-03
   3.3920000e+03   7.2767273e-03
   3.3900000e+03   7.3123636e-03
   3.3880000e+03   7.3350000e-03
   3.3860000e+03   7.3498182e-03
   3.3840000e+03   7.3562727e-03
   3.3820000e+03   7.3434545e-03
   3.3800000e+03   7.2949091e-03
   3.3780000e+03   7.2127273e-03
   3.3760000e+03   7.1202727e-03
   3.3740000e+03   7.0298182e-03
   3.3720000e+03   6.9382727e-03
   3.3700000e+03   6.8556364e-03
   3.3680000e+03   6.7868182e-03
   3.3660000e+03   6.7155455e-03
   3.3640000e+03   6.6438182e-03
   3.3620000e+03   6.5938182e-03
   3.3600000e+03   6.5637273e-03
   3.3580000e+03   6.5427273e-03
   3.3560000e+03   6.5367273e-03
   3.3540000e+03   6.5345455e-03
   3.3520000e+03   6.5115455e-03
   3.3500000e+03   6.4697273e-03
   3.3480000e+03   6.4161818e-03
   3.3460000e+03   6.3463636e-03
   3.3440000e+03   6.2677273e-03
   3.3420000e+03   6.1948182e-03
   3.3400000e+03   6.1298182e-03
   3.3380000e+03   6.0781818e-03
   3.3360000e+03   6.0535455e-03
   3.3340000e+03   6.0597273e-03
   3.3320000e+03   6.0995455e-03
   3.3300000e+03   6.1740909e-03
   3.3280000e+03   6.2725455e-03
   3.3260000e+03   6.3831818e-03
   3.3240000e+03   6.5006364e-03
   3.3220000e+03   6.6144545e-03
   3.3200000e+03   6.7092727e-03
   3.3180000e+03   6.7847273e-03
   3.3160000e+03   6.8546364e-03
   3.3140000e+03   6.9163636e-03
   3.3120000e+03   6.9548182e-03
   3.3100000e+03   6.9619091e-03
   3.3080000e+03   6.9465455e-03
   3.3060000e+03   6.9274545e-03
   3.3040000e+03   6.9150909e-03
   3.3020000e+03   6.9048182e-03
   3.3000000e+03   6.8771818e-03
   3.2980000e+03   6.8190000e-03
   3.2960000e+03   6.7379091e-03
   3.2940000e+03   6.6543636e-03
   3.2920000e+03   6.5805455e-03
   3.2900000e+03   6.5091818e-03
   3.2880000e+03   6.4366364e-03
   3.2860000e+03   6.3720000e-03
   3.2840000e+03   6.3312727e-03
   3.2820000e+03   6.3274545e-03
   3.2800000e+03   6.3678182e-03
   3.2780000e+03   6.4413636e-03
   3.2760000e+03   6.5266364e-03
   3.2740000e+03   6.6117273e-03
   3.2720000e+03   6.6939091e-03
   3.2700000e+03   6.7690000e-03
   3.2680000e+03   6.8298182e-03
   3.2660000e+03   6.8765455e-03
   3.2640000e+03   6.9076364e-03
   3.2620000e+03   6.9170909e-03
   3.2600000e+03   6.9147273e-03
   3.2580000e+03   6.9108182e-03
   3.2560000e+03   6.8965455e-03
   3.2540000e+03   6.8667273e-03
   3.2520000e+03   6.8364545e-03
   3.2500000e+03   6.8047273e-03
   3.2480000e+03   6.7580000e-03
   3.2460000e+03   6.6948182e-03
   3.2440000e+03   6.6313636e-03
   3.2420000e+03   6.5910909e-03
   3.2400000e+03   6.5800909e-03
   3.2380000e+03   6.5849091e-03
   3.2360000e+03   6.5811818e-03
   3.2340000e+03   6.5585455e-03
   3.2320000e+03   6.5383636e-03
   3.2300000e+03   6.5411818e-03
   3.2280000e+03   6.5578182e-03
   3.2260000e+03   6.5590000e-03
   3.2240000e+03   6.5255455e-03
   3.2220000e+03   6.4691818e-03
   3.2200000e+03   6.4180000e-03
   3.2180000e+03   6.3843636e-03
   3.2160000e+03   6.3555455e-03
   3.2140000e+03   6.3147273e-03
   3.2120000e+03   6.2536364e-03
   3.2100000e+03   6.1779091e-03
   3.2080000e+03   6.1071818e-03
   3.2060000e+03   6.0464545e-03
   3.2040000e+03   5.9846364e-03
   3.2020000e+03   5.9297273e-03
   3.2000000e+03   5.8967273e-03
   3.1980000e+03   5.8875455e-03
   3.1960000e+03   5.8936364e-03
   3.1940000e+03   5.9076364e-03
   3.1920000e+03   5.9238182e-03
   3.1900000e+03   5.9370000e-03
   3.1880000e+03   5.9487273e-03
   3.1860000e+03   5.9460909e-03
   3.1840000e+03   5.9110909e-03
   3.1820000e+03   5.8457273e-03
   3.1800000e+03   5.7675455e-03
   3.1780000e+03   5.6950000e-03
   3.1760000e+03   5.6422727e-03
   3.1740000e+03   5.6010000e-03
   3.1720000e+03   5.5512727e-03
   3.1700000e+03   5.5019091e-03
   3.1680000e+03   5.4750909e-03
   3.1660000e+03   5.4583636e-03
   3.1640000e+03   5.4267273e-03
   3.1620000e+03   5.3749091e-03
   3.1600000e+03   5.3139091e-03
   3.1580000e+03   5.2573636e-03
   3.1560000e+03   5.2166364e-03
   3.1540000e+03   5.1794545e-03
   3.1520000e+03   5.1227273e-03
   3.1500000e+03   5.0544545e-03
   3.1480000e+03   5.0086364e-03
   3.1460000e+03   4.9987273e-03
   3.1440000e+03   5.0006364e-03
   3.1420000e+03   4.9931818e-03
   3.1400000e+03   4.9700000e-03
   3.1380000e+03   4.9349091e-03
   3.1360000e+03   4.9077273e-03
   3.1340000e+03   4.8959091e-03
   3.1320000e+03   4.8727273e-03
   3.1300000e+03   4.8113636e-03
   3.1280000e+03   4.7214545e-03
   3.1260000e+03   4.6287273e-03
   3.1240000e+03   4.5418182e-03
   3.1220000e+03   4.4593636e-03
   3.1200000e+03   4.3801818e-03
   3.1180000e+03   4.3124545e-03
   3.1160000e+03   4.2780000e-03
   3.1140000e+03   4.2899091e-03
   3.1120000e+03   4.3347273e-03
   3.1100000e+03   4.3985455e-03
   3.1080000e+03   4.4807273e-03
   3.1060000e+03   4.5810909e-03
   3.1040000e+03   4.6919091e-03
   3.1020000e+03   4.7972727e-03
   3.1000000e+03   4.8832727e-03
   3.0980000e+03   4.9438182e-03
   3.0960000e+03   4.9910909e-03
   3.0940000e+03   5.0350909e-03
   3.0920000e+03   5.0658182e-03
   3.0900000e+03   5.0784545e-03
   3.0880000e+03   5.0900000e-03
   3.0860000e+03   5.1163636e-03
   3.0840000e+03   5.1531818e-03
   3.0820000e+03   5.2005455e-03
   3.0800000e+03   5.2615455e-03
   3.0780000e+03   5.3256364e-03
   3.0760000e+03   5.3843636e-03
   3.0740000e+03   5.4416364e-03
   3.0720000e+03   5.4996364e-03
   3.0700000e+03   5.5551818e-03
   3.0680000e+03   5.6051818e-03
   3.0660000e+03   5.6460909e-03
   3.0640000e+03   5.6723636e-03
   3.0620000e+03   5.6928182e-03
   3.0600000e+03   5.7309091e-03
   3.0580000e+03   5.7993636e-03
   3.0560000e+03   5.8906364e-03
   3.0540000e+03   5.9896364e-03
   3.0520000e+03   6.0830000e-03
   3.0500000e+03   6.1720000e-03
   3.0480000e+03   6.2643636e-03
   3.0460000e+03   6.3594545e-03
   3.0440000e+03   6.4452727e-03
   3.0420000e+03   6.5003636e-03
   3.0400000e+03   6.5139091e-03
   3.0380000e+03   6.4955455e-03
   3.0360000e+03   6.4681818e-03
   3.0340000e+03   6.4470000e-03
   3.0320000e+03   6.4314545e-03
   3.0300000e+03   6.4144545e-03
   3.0280000e+03   6.3940000e-03
   3.0260000e+03   6.3777273e-03
   3.0240000e+03   6.3744545e-03
   3.0220000e+03   6.3831818e-03
   3.0200000e+03   6.4026364e-03
   3.0180000e+03   6.4322727e-03
   3.0160000e+03   6.4698182e-03
   3.0140000e+03   6.5151818e-03
   3.0120000e+03   6.5718182e-03
   3.0100000e+03   6.6411818e-03
   3.0080000e+03   6.7291818e-03
   3.0060000e+03   6.8478182e-03
   3.0040000e+03   6.9891818e-03
   3.0020000e+03   7.1325455e-03
   3.0000000e+03   7.2752727e-03
   2.9980000e+03   7.4262727e-03
   2.9960000e+03   7.5771818e-03
   2.9940000e+03   7.7151818e-03
   2.9920000e+03   7.8385455e-03
   2.9900000e+03   7.9465455e-03
   2.9880000e+03   8.0368182e-03
   2.9860000e+03   8.1200909e-03
   2.9840000e+03   8.2116364e-03
   2.9820000e+03   8.3056364e-03
   2.9800000e+03   8.3873636e-03
   2.9780000e+03   8.4593636e-03
   2.9760000e+03   8.5346364e-03
   2.9740000e+03   8.6204545e-03
   2.9720000e+03   8.7131818e-03
   2.9700000e+03   8.8059091e-03
   2.9680000e+03   8.8836364e-03
   2.9660000e+03   8.9391818e-03
   2.9640000e+03   8.9873636e-03
   2.9620000e+03   9.0480000e-03
   2.9600000e+03   9.1293636e-03
   2.9580000e+03   9.2178182e-03
   2.9560000e+03   9.2992727e-03
   2.9540000e+03   9.3684545e-03
   2.9520000e+03   9.4280000e-03
   2.9500000e+03   9.4830909e-03
   2.9480000e+03   9.5389091e-03
   2.9460000e+03   9.5911818e-03
   2.9440000e+03   9.6284545e-03
   2.9420000e+03   9.6527273e-03
   2.9400000e+03   9.6756364e-03
   2.9380000e+03   9.7090000e-03
   2.9360000e+03   9.7572727e-03
   2.9340000e+03   9.8227273e-03
   2.9320000e+03   9.9002727e-03
   2.9300000e+03   9.9757273e-03
   2.9280000e+03   1.0034364e-02
   2.9260000e+03   1.0062545e-02
   2.9240000e+03   1.0055000e-02
   2.9220000e+03   1.0008273e-02
   2.9200000e+03   9.9180909e-03
   2.9180000e+03   9.7916364e-03
   2.9160000e+03   9.6379091e-03
   2.9140000e+03   9.4702727e-03
   2.9120000e+03   9.3030909e-03
   2.9100000e+03   9.1463636e-03
   2.9080000e+03   9.0056364e-03
   2.9060000e+03   8.8876364e-03
   2.9040000e+03   8.7925455e-03
   2.9020000e+03   8.7060909e-03
   2.9000000e+03   8.6164545e-03
   2.8980000e+03   8.5202727e-03
   2.8960000e+03   8.4149091e-03
   2.8940000e+03   8.3120909e-03
   2.8920000e+03   8.2238182e-03
   2.8900000e+03   8.1450000e-03
   2.8880000e+03   8.0684545e-03
   2.8860000e+03   7.9979091e-03
   2.8840000e+03   7.9413636e-03
   2.8820000e+03   7.9020000e-03
   2.8800000e+03   7.8739091e-03
   2.8780000e+03   7.8504545e-03
   2.8760000e+03   7.8300000e-03
   2.8740000e+03   7.8213636e-03
   2.8720000e+03   7.8313636e-03
   2.8700000e+03   7.8595455e-03
   2.8680000e+03   7.9199091e-03
   2.8660000e+03   8.0294545e-03
   2.8640000e+03   8.1898182e-03
   2.8620000e+03   8.3909091e-03
   2.8600000e+03   8.6102727e-03
   2.8580000e+03   8.8197273e-03
   2.8560000e+03   9.0093636e-03
   2.8540000e+03   9.1789091e-03
   2.8520000e+03   9.3087273e-03
   2.8500000e+03   9.3675455e-03
   2.8480000e+03   9.3410909e-03
   2.8460000e+03   9.2320000e-03
   2.8440000e+03   9.0595455e-03
   2.8420000e+03   8.8510000e-03
   2.8400000e+03   8.6179091e-03
   2.8380000e+03   8.3679091e-03
   2.8360000e+03   8.1182727e-03
   2.8340000e+03   7.8866364e-03
   2.8320000e+03   7.6797273e-03
   2.8300000e+03   7.4977273e-03
   2.8280000e+03   7.3419091e-03
   2.8260000e+03   7.2135455e-03
   2.8240000e+03   7.1068182e-03
   2.8220000e+03   7.0098182e-03
   2.8200000e+03   6.9106364e-03
   2.8180000e+03   6.8030909e-03
   2.8160000e+03   6.6876364e-03
   2.8140000e+03   6.5699091e-03
   2.8120000e+03   6.4598182e-03
   2.8100000e+03   6.3614545e-03
   2.8080000e+03   6.2694545e-03
   2.8060000e+03   6.1854545e-03
   2.8040000e+03   6.1224545e-03
   2.8020000e+03   6.0868182e-03
   2.8000000e+03   6.0769091e-03
   2.7980000e+03   6.0863636e-03
   2.7960000e+03   6.1001818e-03
   2.7940000e+03   6.1090000e-03
   2.7920000e+03   6.1187273e-03
   2.7900000e+03   6.1351818e-03
   2.7880000e+03   6.1465455e-03
   2.7860000e+03   6.1413636e-03
   2.7840000e+03   6.1208182e-03
   2.7820000e+03   6.0913636e-03
   2.7800000e+03   6.0670909e-03
   2.7780000e+03   6.0494545e-03
   2.7760000e+03   6.0342727e-03
   2.7740000e+03   6.0126364e-03
   2.7720000e+03   5.9868182e-03
   2.7700000e+03   5.9706364e-03
   2.7680000e+03   5.9735455e-03
   2.7660000e+03   5.9970909e-03
   2.7640000e+03   6.0317273e-03
   2.7620000e+03   6.0601818e-03
   2.7600000e+03   6.0755455e-03
   2.7580000e+03   6.0858182e-03
   2.7560000e+03   6.1004545e-03
   2.7540000e+03   6.1165455e-03
   2.7520000e+03   6.1236364e-03
   2.7500000e+03   6.1141818e-03
   2.7480000e+03   6.0923636e-03
   2.7460000e+03   6.0727273e-03
   2.7440000e+03   6.0666364e-03
   2.7420000e+03   6.0817273e-03
   2.7400000e+03   6.1155455e-03
   2.7380000e+03   6.1564545e-03
   2.7360000e+03   6.1954545e-03
   2.7340000e+03   6.2316364e-03
   2.7320000e+03   6.2635455e-03
   2.7300000e+03   6.2904545e-03
   2.7280000e+03   6.3162727e-03
   2.7260000e+03   6.3379091e-03
   2.7240000e+03   6.3472727e-03
   2.7220000e+03   6.3375455e-03
   2.7200000e+03   6.3105455e-03
   2.7180000e+03   6.2761818e-03
   2.7160000e+03   6.2476364e-03
   2.7140000e+03   6.2303636e-03
   2.7120000e+03   6.2197273e-03
   2.7100000e+03   6.2067273e-03
   2.7080000e+03   6.1791818e-03
   2.7060000e+03   6.1430000e-03
   2.7040000e+03   6.1272727e-03
   2.7020000e+03   6.1422727e-03
   2.7000000e+03   6.1666364e-03
   2.6980000e+03   6.1824545e-03
   2.6960000e+03   6.1833636e-03
   2.6940000e+03   6.1759091e-03
   2.6920000e+03   6.1862727e-03
   2.6900000e+03   6.2290000e-03
   2.6880000e+03   6.2854545e-03
   2.6860000e+03   6.3368182e-03
   2.6840000e+03   6.3937273e-03
   2.6820000e+03   6.4754545e-03
   2.6800000e+03   6.5880000e-03
   2.6780000e+03   6.7239091e-03
   2.6760000e+03   6.8649091e-03
   2.6740000e+03   6.9983636e-03
   2.6720000e+03   7.1300000e-03
   2.6700000e+03   7.2645455e-03
   2.6680000e+03   7.3777273e-03
   2.6660000e+03   7.4620000e-03
   2.6640000e+03   7.5210909e-03
   2.6620000e+03   7.5597273e-03
   2.6600000e+03   7.5880909e-03
   2.6580000e+03   7.6107273e-03
   2.6560000e+03   7.6225455e-03
   2.6540000e+03   7.6261818e-03
   2.6520000e+03   7.6374545e-03
   2.6500000e+03   7.6625455e-03
   2.6480000e+03   7.6952727e-03
   2.6460000e+03   7.7324545e-03
   2.6440000e+03   7.7716364e-03
   2.6420000e+03   7.8029091e-03
   2.6400000e+03   7.8339091e-03
   2.6380000e+03   7.8614545e-03
   2.6360000e+03   7.8708182e-03
   2.6340000e+03   7.8624545e-03
   2.6320000e+03   7.8412727e-03
   2.6300000e+03   7.8079091e-03
   2.6280000e+03   7.7699091e-03
   2.6260000e+03   7.7388182e-03
   2.6240000e+03   7.7163636e-03
   2.6220000e+03   7.7005455e-03
   2.6200000e+03   7.6997273e-03
   2.6180000e+03   7.7209091e-03
   2.6160000e+03   7.7598182e-03
   2.6140000e+03   7.8086364e-03
   2.6120000e+03   7.8656364e-03
   2.6100000e+03   7.9365455e-03
   2.6080000e+03   8.0195455e-03
   2.6060000e+03   8.1087273e-03
   2.6040000e+03   8.1983636e-03
   2.6020000e+03   8.2801818e-03
   2.6000000e+03   8.3697273e-03
   2.5980000e+03   8.4809091e-03
   2.5960000e+03   8.6221818e-03
   2.5940000e+03   8.7816364e-03
   2.5920000e+03   8.9447273e-03
   2.5900000e+03   9.1107273e-03
   2.5880000e+03   9.2898182e-03
   2.5860000e+03   9.4872727e-03
   2.5840000e+03   9.6958182e-03
   2.5820000e+03   9.9060000e-03
   2.5800000e+03   1.0110182e-02
   2.5780000e+03   1.0299818e-02
   2.5760000e+03   1.0471000e-02
   2.5740000e+03   1.0635182e-02
   2.5720000e+03   1.0799182e-02
   2.5700000e+03   1.0948727e-02
   2.5680000e+03   1.1071818e-02
   2.5660000e+03   1.1168000e-02
   2.5640000e+03   1.1232455e-02
   2.5620000e+03   1.1264182e-02
   2.5600000e+03   1.1273273e-02
   2.5580000e+03   1.1258909e-02
   2.5560000e+03   1.1212182e-02
   2.5540000e+03   1.1139545e-02
   2.5520000e+03   1.1052273e-02
   2.5500000e+03   1.0963000e-02
   2.5480000e+03   1.0881455e-02
   2.5460000e+03   1.0805273e-02
   2.5440000e+03   1.0726364e-02
   2.5420000e+03   1.0646909e-02
   2.5400000e+03   1.0574909e-02
   2.5380000e+03   1.0509091e-02
   2.5360000e+03   1.0443545e-02
   2.5340000e+03   1.0371091e-02
   2.5320000e+03   1.0283182e-02
   2.5300000e+03   1.0191818e-02
   2.5280000e+03   1.0122545e-02
   2.5260000e+03   1.0089636e-02
   2.5240000e+03   1.0094727e-02
   2.5220000e+03   1.0136364e-02
   2.5200000e+03   1.0217091e-02
   2.5180000e+03   1.0344727e-02
   2.5160000e+03   1.0531727e-02
   2.5140000e+03   1.0779000e-02
   2.5120000e+03   1.1067909e-02
   2.5100000e+03   1.1370727e-02
   2.5080000e+03   1.1670636e-02
   2.5060000e+03   1.1956455e-02
   2.5040000e+03   1.2207455e-02
   2.5020000e+03   1.2403182e-02
   2.5000000e+03   1.2523818e-02
   2.4980000e+03   1.2543727e-02
   2.4960000e+03   1.2451455e-02
   2.4940000e+03   1.2256364e-02
   2.4920000e+03   1.1967818e-02
   2.4900000e+03   1.1590182e-02
   2.4880000e+03   1.1139545e-02
   2.4860000e+03   1.0645636e-02
   2.4840000e+03   1.0138455e-02
   2.4820000e+03   9.6505455e-03
   2.4800000e+03   9.2097273e-03
   2.4780000e+03   8.8220000e-03
   2.4760000e+03   8.4891818e-03
   2.4740000e+03   8.2192727e-03
   2.4720000e+03   8.0130000e-03
   2.4700000e+03   7.8597273e-03
   2.4680000e+03   7.7499091e-03
   2.4660000e+03   7.6772727e-03
   2.4640000e+03   7.6258182e-03
   2.4620000e+03   7.5759091e-03
   2.4600000e+03   7.5173636e-03
   2.4580000e+03   7.4500000e-03
   2.4560000e+03   7.3796364e-03
   2.4540000e+03   7.3110000e-03
   2.4520000e+03   7.2370909e-03
   2.4500000e+03   7.1430909e-03
   2.4480000e+03   7.0342727e-03
   2.4460000e+03   6.9344545e-03
   2.4440000e+03   6.8576364e-03
   2.4420000e+03   6.8007273e-03
   2.4400000e+03   6.7581818e-03
   2.4380000e+03   6.7299091e-03
   2.4360000e+03   6.7205455e-03
   2.4340000e+03   6.7308182e-03
   2.4320000e+03   6.7514545e-03
   2.4300000e+03   6.7610000e-03
   2.4280000e+03   6.7420000e-03
   2.4260000e+03   6.6970000e-03
   2.4240000e+03   6.6353636e-03
   2.4220000e+03   6.5614545e-03
   2.4200000e+03   6.4739091e-03
   2.4180000e+03   6.3748182e-03
   2.4160000e+03   6.2767273e-03
   2.4140000e+03   6.1956364e-03
   2.4120000e+03   6.1390000e-03
   2.4100000e+03   6.1004545e-03
   2.4080000e+03   6.0649091e-03
   2.4060000e+03   6.0251818e-03
   2.4040000e+03   5.9784545e-03
   2.4020000e+03   5.9196364e-03
   2.4000000e+03   5.8478182e-03
   2.3980000e+03   5.7633636e-03
   2.3960000e+03   5.6669091e-03
   2.3940000e+03   5.5729091e-03
   2.3920000e+03   5.5003636e-03
   2.3900000e+03   5.4487273e-03
   2.3880000e+03   5.4039091e-03
   2.3860000e+03   5.3630000e-03
   2.3840000e+03   5.3359091e-03
   2.3820000e+03   5.3086364e-03
   2.3800000e+03   5.2495455e-03
   2.3780000e+03   5.1580000e-03
   2.3760000e+03   5.0709091e-03
   2.3740000e+03   5.0157273e-03
   2.3720000e+03   4.9918182e-03
   2.3700000e+03   4.9904545e-03
   2.3680000e+03   4.9749091e-03
   2.3660000e+03   4.9401818e-03
   2.3640000e+03   4.9582727e-03
   2.3620000e+03   5.0652727e-03
   2.3600000e+03   5.1768182e-03
   2.3580000e+03   5.1873636e-03
   2.3560000e+03   5.1119091e-03
   2.3540000e+03   5.0198182e-03
   2.3520000e+03   4.9373636e-03
   2.3500000e+03   4.8822727e-03
   2.3480000e+03   4.8322727e-03
   2.3460000e+03   4.7247273e-03
   2.3440000e+03   4.5266364e-03
   2.3420000e+03   4.2780909e-03
   2.3400000e+03   4.0364545e-03
   2.3380000e+03   3.8095455e-03
   2.3360000e+03   3.5950909e-03
   2.3340000e+03   3.3711818e-03
   2.3320000e+03   3.1027273e-03
   2.3300000e+03   2.8201818e-03
   2.3280000e+03   2.6020909e-03
   2.3260000e+03   2.4801818e-03
   2.3240000e+03   2.4131818e-03
   2.3220000e+03   2.3443636e-03
   2.3200000e+03   2.2513636e-03
   2.3180000e+03   2.1512727e-03
   2.3160000e+03   2.0789091e-03
   2.3140000e+03   2.0488182e-03
   2.3120000e+03   2.0332727e-03
   2.3100000e+03   1.9964545e-03
   2.3080000e+03   1.9428182e-03
   2.3060000e+03   1.8992727e-03
   2.3040000e+03   1.8716364e-03
   2.3020000e+03   1.8481818e-03
   2.3000000e+03   1.8164545e-03
   2.2980000e+03   1.7713636e-03
   2.2960000e+03   1.7189091e-03
   2.2940000e+03   1.6703636e-03
   2.2920000e+03   1.6301818e-03
   2.2900000e+03   1.5990000e-03
   2.2880000e+03   1.5793636e-03
   2.2860000e+03   1.5708182e-03
   2.2840000e+03   1.5664545e-03
   2.2820000e+03   1.5595455e-03
   2.2800000e+03   1.5439091e-03
   2.2780000e+03   1.5156364e-03
   2.2760000e+03   1.4814545e-03
   2.2740000e+03   1.4240909e-03
   2.2720000e+03   1.3454545e-03
   2.2700000e+03   1.2507273e-03
   2.2680000e+03   1.1538182e-03
   2.2660000e+03   1.0601818e-03
   2.2640000e+03   9.7436364e-04
   2.2620000e+03   8.9890909e-04
   2.2600000e+03   8.3218182e-04
   2.2580000e+03   7.7627273e-04
   2.2560000e+03   7.3218182e-04
   2.2540000e+03   6.9418182e-04
   2.2520000e+03   6.5318182e-04
   2.2500000e+03   6.0563636e-04
   2.2480000e+03   5.5081818e-04
   2.2460000e+03   4.8290909e-04
   2.2440000e+03   4.0636364e-04
   2.2420000e+03   3.3372727e-04
   2.2400000e+03   2.6554545e-04
   2.2380000e+03   1.9445455e-04
   2.2360000e+03   1.1936364e-04
   2.2340000e+03   4.2909091e-05
   2.2320000e+03  -3.0181818e-05
   2.2300000e+03  -9.4000000e-05
   2.2280000e+03  -1.5272727e-04
   2.2260000e+03  -2.1736364e-04
   2.2240000e+03  -2.9327273e-04
   2.2220000e+03  -3.7027273e-04
   2.2200000e+03  -4.3227273e-04
   2.2180000e+03  -4.7881818e-04
   2.2160000e+03  -5.1209091e-04
   2.2140000e+03  -5.3381818e-04
   2.2120000e+03  -5.5318182e-04
   2.2100000e+03  -5.7490909e-04
   2.2080000e+03  -5.9236364e-04
   2.2060000e+03  -6.0009091e-04
   2.2040000e+03  -6.0809091e-04
   2.2020000e+03  -6.2663636e-04
   2.2000000e+03  -6.5627273e-04
   2.1980000e+03  -6.9227273e-04
   2.1960000e+03  -7.2654545e-04
   2.1940000e+03  -7.5281818e-04
   2.1920000e+03  -7.7136364e-04
   2.1900000e+03  -7.8700000e-04
   2.1880000e+03  -8.0054545e-04
   2.1860000e+03  -8.1090909e-04
   2.1840000e+03  -8.1863636e-04
   2.1820000e+03  -8.2472727e-04
   2.1800000e+03  -8.2972727e-04
   2.1780000e+03  -8.3672727e-04
   2.1760000e+03  -8.5390909e-04
   2.1740000e+03  -8.8318182e-04
   2.1720000e+03  -9.1327273e-04
   2.1700000e+03  -9.4300000e-04
   2.1680000e+03  -9.8172727e-04
   2.1660000e+03  -1.0302727e-03
   2.1640000e+03  -1.0810000e-03
   2.1620000e+03  -1.1250909e-03
   2.1600000e+03  -1.1521818e-03
   2.1580000e+03  -1.1612727e-03
   2.1560000e+03  -1.1664545e-03
   2.1540000e+03  -1.1750909e-03
   2.1520000e+03  -1.1724545e-03
   2.1500000e+03  -1.1430000e-03
   2.1480000e+03  -1.0948182e-03
   2.1460000e+03  -1.0460909e-03
   2.1440000e+03  -1.0051818e-03
   2.1420000e+03  -9.6863636e-04
   2.1400000e+03  -9.2445455e-04
   2.1380000e+03  -8.6500000e-04
   2.1360000e+03  -7.9672727e-04
   2.1340000e+03  -7.3300000e-04
   2.1320000e+03  -6.7854545e-04
   2.1300000e+03  -6.2954545e-04
   2.1280000e+03  -5.8145455e-04
   2.1260000e+03  -5.3300000e-04
   2.1240000e+03  -4.8881818e-04
   2.1220000e+03  -4.5509091e-04
   2.1200000e+03  -4.3200000e-04
   2.1180000e+03  -4.1918182e-04
   2.1160000e+03  -4.1354545e-04
   2.1140000e+03  -4.0727273e-04
   2.1120000e+03  -3.9709091e-04
   2.1100000e+03  -3.8309091e-04
   2.1080000e+03  -3.6272727e-04
   2.1060000e+03  -3.3081818e-04
   2.1040000e+03  -2.8500000e-04
   2.1020000e+03  -2.2545455e-04
   2.1000000e+03  -1.5945455e-04
   2.0980000e+03  -7.9363636e-05
   2.0960000e+03   5.0000000e-06
   2.0940000e+03   8.9545455e-05
   2.0920000e+03   1.7100000e-04
   2.0900000e+03   2.4927273e-04
   2.0880000e+03   3.2409091e-04
   2.0860000e+03   3.9281818e-04
   2.0840000e+03   4.5863636e-04
   2.0820000e+03   5.2154545e-04
   2.0800000e+03   5.8054545e-04
   2.0780000e+03   6.3809091e-04
   2.0760000e+03   7.0309091e-04
   2.0740000e+03   7.7436364e-04
   2.0720000e+03   8.4690909e-04
   2.0700000e+03   9.2236364e-04
   2.0680000e+03   1.0001818e-03
   2.0660000e+03   1.0723636e-03
   2.0640000e+03   1.1390909e-03
   2.0620000e+03   1.2055455e-03
   2.0600000e+03   1.2756364e-03
   2.0580000e+03   1.3510909e-03
   2.0560000e+03   1.4352727e-03
   2.0540000e+03   1.5270909e-03
   2.0520000e+03   1.6276364e-03
   2.0500000e+03   1.7461818e-03
   2.0480000e+03   1.8855455e-03
   2.0460000e+03   2.0351818e-03
   2.0440000e+03   2.1788182e-03
   2.0420000e+03   2.3056364e-03
   2.0400000e+03   2.4119091e-03
   2.0380000e+03   2.4983636e-03
   2.0360000e+03   2.5699091e-03
   2.0340000e+03   2.6303636e-03
   2.0320000e+03   2.6832727e-03
   2.0300000e+03   2.7367273e-03
   2.0280000e+03   2.7947273e-03
   2.0260000e+03   2.8599091e-03
   2.0240000e+03   2.9379091e-03
   2.0220000e+03   3.0295455e-03
   2.0200000e+03   3.1283636e-03
   2.0180000e+03   3.2313636e-03
   2.0160000e+03   3.3320909e-03
   2.0140000e+03   3.4194545e-03
   2.0120000e+03   3.4909091e-03
   2.0100000e+03   3.5609091e-03
   2.0080000e+03   3.6440909e-03
   2.0060000e+03   3.7422727e-03
   2.0040000e+03   3.8485455e-03
   2.0020000e+03   3.9699091e-03
   2.0000000e+03   4.1049091e-03
   1.9980000e+03   4.2536364e-03
   1.9960000e+03   4.4197273e-03
   1.9940000e+03   4.5929091e-03
   1.9920000e+03   4.7548182e-03
   1.9900000e+03   4.8950000e-03
   1.9880000e+03   5.0158182e-03
   1.9860000e+03   5.1207273e-03
   1.9840000e+03   5.2100000e-03
   1.9820000e+03   5.2900000e-03
   1.9800000e+03   5.3673636e-03
   1.9780000e+03   5.4470909e-03
   1.9760000e+03   5.5333636e-03
   1.9740000e+03   5.6290000e-03
   1.9720000e+03   5.7373636e-03
   1.9700000e+03   5.8607273e-03
   1.9680000e+03   5.9986364e-03
   1.9660000e+03   6.1384545e-03
   1.9640000e+03   6.2670909e-03
   1.9620000e+03   6.3866364e-03
   1.9600000e+03   6.5063636e-03
   1.9580000e+03   6.6321818e-03
   1.9560000e+03   6.7620909e-03
   1.9540000e+03   6.8871818e-03
   1.9520000e+03   7.0003636e-03
   1.9500000e+03   7.1061818e-03
   1.9480000e+03   7.2171818e-03
   1.9460000e+03   7.3363636e-03
   1.9440000e+03   7.4535455e-03
   1.9420000e+03   7.5583636e-03
   1.9400000e+03   7.6460909e-03
   1.9380000e+03   7.7317273e-03
   1.9360000e+03   7.8324545e-03
   1.9340000e+03   7.9516364e-03
   1.9320000e+03   8.0805455e-03
   1.9300000e+03   8.2127273e-03
   1.9280000e+03   8.3435455e-03
   1.9260000e+03   8.4750909e-03
   1.9240000e+03   8.6174545e-03
   1.9220000e+03   8.7720909e-03
   1.9200000e+03   8.9239091e-03
   1.9180000e+03   9.0593636e-03
   1.9160000e+03   9.1788182e-03
   1.9140000e+03   9.2896364e-03
   1.9120000e+03   9.3987273e-03
   1.9100000e+03   9.5108182e-03
   1.9080000e+03   9.6227273e-03
   1.9060000e+03   9.7257273e-03
   1.9040000e+03   9.8212727e-03
   1.9020000e+03   9.9218182e-03
   1.9000000e+03   1.0034909e-02
   1.8980000e+03   1.0161091e-02
   1.8960000e+03   1.0293636e-02
   1.8940000e+03   1.0426909e-02
   1.8920000e+03   1.0559364e-02
   1.8900000e+03   1.0695000e-02
   1.8880000e+03   1.0839273e-02
   1.8860000e+03   1.0990000e-02
   1.8840000e+03   1.1139091e-02
   1.8820000e+03   1.1285273e-02
   1.8800000e+03   1.1432909e-02
   1.8780000e+03   1.1591545e-02
   1.8760000e+03   1.1769455e-02
   1.8740000e+03   1.1966636e-02
   1.8720000e+03   1.2176727e-02
   1.8700000e+03   1.2397636e-02
   1.8680000e+03   1.2625545e-02
   1.8660000e+03   1.2862545e-02
   1.8640000e+03   1.3120818e-02
   1.8620000e+03   1.3406364e-02
   1.8600000e+03   1.3715364e-02
   1.8580000e+03   1.4045727e-02
   1.8560000e+03   1.4393091e-02
   1.8540000e+03   1.4753273e-02
   1.8520000e+03   1.5123818e-02
   1.8500000e+03   1.5506000e-02
   1.8480000e+03   1.5889818e-02
   1.8460000e+03   1.6254091e-02
   1.8440000e+03   1.6575727e-02
   1.8420000e+03   1.6843545e-02
   1.8400000e+03   1.7070727e-02
   1.8380000e+03   1.7267818e-02
   1.8360000e+03   1.7432636e-02
   1.8340000e+03   1.7560909e-02
   1.8320000e+03   1.7665455e-02
   1.8300000e+03   1.7765182e-02
   1.8280000e+03   1.7874000e-02
   1.8260000e+03   1.8004455e-02
   1.8240000e+03   1.8165182e-02
   1.8220000e+03   1.8358727e-02
   1.8200000e+03   1.8590455e-02
   1.8180000e+03   1.8866000e-02
   1.8160000e+03   1.9177182e-02
   1.8140000e+03   1.9509909e-02
   1.8120000e+03   1.9853636e-02
   1.8100000e+03   2.0194364e-02
   1.8080000e+03   2.0507000e-02
   1.8060000e+03   2.0770727e-02
   1.8040000e+03   2.0965273e-02
   1.8020000e+03   2.1078545e-02
   1.8000000e+03   2.1111636e-02
   1.7980000e+03   2.1070273e-02
   1.7960000e+03   2.0959364e-02
   1.7940000e+03   2.0787909e-02
   1.7920000e+03   2.0581364e-02
   1.7900000e+03   2.0371364e-02
   1.7880000e+03   2.0178273e-02
   1.7860000e+03   2.0010909e-02
   1.7840000e+03   1.9870727e-02
   1.7820000e+03   1.9759182e-02
   1.7800000e+03   1.9676545e-02
   1.7780000e+03   1.9624727e-02
   1.7760000e+03   1.9602636e-02
   1.7740000e+03   1.9595818e-02
   1.7720000e+03   1.9587091e-02
   1.7700000e+03   1.9587182e-02
   1.7680000e+03   1.9611455e-02
   1.7660000e+03   1.9659182e-02
   1.7640000e+03   1.9727364e-02
   1.7620000e+03   1.9807545e-02
   1.7600000e+03   1.9890545e-02
   1.7580000e+03   1.9980091e-02
   1.7560000e+03   2.0085545e-02
   1.7540000e+03   2.0201818e-02
   1.7520000e+03   2.0313455e-02
   1.7500000e+03   2.0412818e-02
   1.7480000e+03   2.0501909e-02
   1.7460000e+03   2.0581818e-02
   1.7440000e+03   2.0657182e-02
   1.7420000e+03   2.0727909e-02
   1.7400000e+03   2.0790364e-02
   1.7380000e+03   2.0844909e-02
   1.7360000e+03   2.0899455e-02
   1.7340000e+03   2.0959636e-02
   1.7320000e+03   2.1029636e-02
   1.7300000e+03   2.1119182e-02
   1.7280000e+03   2.1229455e-02
   1.7260000e+03   2.1364818e-02
   1.7240000e+03   2.1527182e-02
   1.7220000e+03   2.1713727e-02
   1.7200000e+03   2.1918273e-02
   1.7180000e+03   2.2128545e-02
   1.7160000e+03   2.2326545e-02
   1.7140000e+03   2.2505545e-02
   1.7120000e+03   2.2683182e-02
   1.7100000e+03   2.2864455e-02
   1.7080000e+03   2.3043000e-02
   1.7060000e+03   2.3217091e-02
   1.7040000e+03   2.3392818e-02
   1.7020000e+03   2.3587000e-02
   1.7000000e+03   2.3817909e-02
   1.6980000e+03   2.4083636e-02
   1.6960000e+03   2.4359091e-02
   1.6940000e+03   2.4639364e-02
   1.6920000e+03   2.4929909e-02
   1.6900000e+03   2.5234818e-02
   1.6880000e+03   2.5555364e-02
   1.6860000e+03   2.5883000e-02
   1.6840000e+03   2.6205273e-02
   1.6820000e+03   2.6523909e-02
   1.6800000e+03   2.6850455e-02
   1.6780000e+03   2.7185364e-02
   1.6760000e+03   2.7530909e-02
   1.6740000e+03   2.7886636e-02
   1.6720000e+03   2.8249364e-02
   1.6700000e+03   2.8626818e-02
   1.6680000e+03   2.9031182e-02
   1.6660000e+03   2.9467727e-02
   1.6640000e+03   2.9937727e-02
   1.6620000e+03   3.0441727e-02
   1.6600000e+03   3.0971455e-02
   1.6580000e+03   3.1520818e-02
   1.6560000e+03   3.2086091e-02
   1.6540000e+03   3.2659545e-02
   1.6520000e+03   3.3222545e-02
   1.6500000e+03   3.3766727e-02
   1.6480000e+03   3.4314818e-02
   1.6460000e+03   3.4879273e-02
   1.6440000e+03   3.5468455e-02
   1.6420000e+03   3.6088818e-02
   1.6400000e+03   3.6750818e-02
   1.6380000e+03   3.7471818e-02
   1.6360000e+03   3.8279455e-02
   1.6340000e+03   3.9180273e-02
   1.6320000e+03   4.0149545e-02
   1.6300000e+03   4.1186182e-02
   1.6280000e+03   4.2287909e-02
   1.6260000e+03   4.3449182e-02
   1.6240000e+03   4.4673818e-02
   1.6220000e+03   4.5969000e-02
   1.6200000e+03   4.7316182e-02
   1.6180000e+03   4.8705545e-02
   1.6160000e+03   5.0149909e-02
   1.6140000e+03   5.1653273e-02
   1.6120000e+03   5.3228091e-02
   1.6100000e+03   5.4891455e-02
   1.6080000e+03   5.6646182e-02
   1.6060000e+03   5.8486000e-02
   1.6040000e+03   6.0412818e-02
   1.6020000e+03   6.2427182e-02
   1.6000000e+03   6.4521091e-02
   1.5980000e+03   6.6678455e-02
   1.5960000e+03   6.8872818e-02
   1.5940000e+03   7.1066455e-02
   1.5920000e+03   7.3220182e-02
   1.5900000e+03   7.5301636e-02
   1.5880000e+03   7.7285364e-02
   1.5860000e+03   7.9146909e-02
   1.5840000e+03   8.0869636e-02
   1.5820000e+03   8.2446727e-02
   1.5800000e+03   8.3879091e-02
   1.5780000e+03   8.5169818e-02
   1.5760000e+03   8.6329545e-02
   1.5740000e+03   8.7389545e-02
   1.5720000e+03   8.8404636e-02
   1.5700000e+03   8.9405364e-02
   1.5680000e+03   9.0393727e-02
   1.5660000e+03   9.1352818e-02
   1.5640000e+03   9.2277727e-02
   1.5620000e+03   9.3180636e-02
   1.5600000e+03   9.4078000e-02
   1.5580000e+03   9.4964545e-02
   1.5560000e+03   9.5755364e-02
   1.5540000e+03   9.6417909e-02
   1.5520000e+03   9.6980455e-02
   1.5500000e+03   9.7487091e-02
   1.5480000e+03   9.7971545e-02
   1.5460000e+03   9.8443000e-02
   1.5440000e+03   9.8897909e-02
   1.5420000e+03   9.9342909e-02
   1.5400000e+03   9.9829636e-02
   1.5380000e+03   1.0040100e-01
   1.5360000e+03   1.0103409e-01
   1.5340000e+03   1.0169855e-01
   1.5320000e+03   1.0236264e-01
   1.5300000e+03   1.0300973e-01
   1.5280000e+03   1.0364373e-01
   1.5260000e+03   1.0426255e-01
   1.5240000e+03   1.0484882e-01
   1.5220000e+03   1.0538145e-01
   1.5200000e+03   1.0586227e-01
   1.5180000e+03   1.0630827e-01
   1.5160000e+03   1.0672791e-01
   1.5140000e+03   1.0713082e-01
   1.5120000e+03   1.0752091e-01
   1.5100000e+03   1.0789591e-01
   1.5080000e+03   1.0826482e-01
   1.5060000e+03   1.0862500e-01
   1.5040000e+03   1.0896009e-01
   1.5020000e+03   1.0928482e-01
   1.5000000e+03   1.0961000e-01
   1.4980000e+03   1.0993736e-01
   1.4960000e+03   1.1026882e-01
   1.4940000e+03   1.1060755e-01
   1.4920000e+03   1.1093891e-01
   1.4900000e+03   1.1125791e-01
   1.4880000e+03   1.1157673e-01
   1.4860000e+03   1.1189291e-01
   1.4840000e+03   1.1219009e-01
   1.4820000e+03   1.1245218e-01
   1.4800000e+03   1.1266764e-01
   1.4780000e+03   1.1284182e-01
   1.4760000e+03   1.1299664e-01
   1.4740000e+03   1.1314391e-01
   1.4720000e+03   1.1326309e-01
   1.4700000e+03   1.1333764e-01
   1.4680000e+03   1.1338418e-01
   1.4660000e+03   1.1341600e-01
   1.4640000e+03   1.1343945e-01
   1.4620000e+03   1.1344745e-01
   1.4600000e+03   1.1342191e-01
   1.4580000e+03   1.1334800e-01
   1.4560000e+03   1.1324527e-01
   1.4540000e+03   1.1315882e-01
   1.4520000e+03   1.1308964e-01
   1.4500000e+03   1.1302845e-01
   1.4480000e+03   1.1297300e-01
   1.4460000e+03   1.1293400e-01
   1.4440000e+03   1.1293155e-01
   1.4420000e+03   1.1297918e-01
   1.4400000e+03   1.1307845e-01
   1.4380000e+03   1.1321545e-01
   1.4360000e+03   1.1338118e-01
   1.4340000e+03   1.1358145e-01
   1.4320000e+03   1.1382900e-01
   1.4300000e+03   1.1412464e-01
   1.4280000e+03   1.1445445e-01
   1.4260000e+03   1.1479445e-01
   1.4240000e+03   1.1512391e-01
   1.4220000e+03   1.1542664e-01
   1.4200000e+03   1.1568545e-01
   1.4180000e+03   1.1587782e-01
   1.4160000e+03   1.1597191e-01
   1.4140000e+03   1.1593064e-01
   1.4120000e+03   1.1572136e-01
   1.4100000e+03   1.1532855e-01
   1.4080000e+03   1.1475509e-01
   1.4060000e+03   1.1401245e-01
   1.4040000e+03   1.1312118e-01
   1.4020000e+03   1.1211845e-01
   1.4000000e+03   1.1104118e-01
   1.3980000e+03   1.0992127e-01
   1.3960000e+03   1.0879873e-01
   1.3940000e+03   1.0770882e-01
   1.3920000e+03   1.0668355e-01
   1.3900000e+03   1.0573455e-01
   1.3880000e+03   1.0484636e-01
   1.3860000e+03   1.0398564e-01
   1.3840000e+03   1.0312591e-01
   1.3820000e+03   1.0227782e-01
   1.3800000e+03   1.0147345e-01
   1.3780000e+03   1.0074864e-01
   1.3760000e+03   1.0012436e-01
   1.3740000e+03   9.9613273e-02
   1.3720000e+03   9.9238455e-02
   1.3700000e+03   9.9020455e-02
   1.3680000e+03   9.8959727e-02
   1.3660000e+03   9.9036455e-02
   1.3640000e+03   9.9214364e-02
   1.3620000e+03   9.9445091e-02
   1.3600000e+03   9.9684091e-02
   1.3580000e+03   9.9899636e-02
   1.3560000e+03   1.0006618e-01
   1.3540000e+03   1.0016309e-01
   1.3520000e+03   1.0018082e-01
   1.3500000e+03   1.0011991e-01
   1.3480000e+03   9.9981182e-02
   1.3460000e+03   9.9770000e-02
   1.3440000e+03   9.9496091e-02
   1.3420000e+03   9.9167636e-02
   1.3400000e+03   9.8782636e-02
   1.3380000e+03   9.8341636e-02
   1.3360000e+03   9.7858091e-02
   1.3340000e+03   9.7342636e-02
   1.3320000e+03   9.6799364e-02
   1.3300000e+03   9.6231545e-02
   1.3280000e+03   9.5648455e-02
   1.3260000e+03   9.5054727e-02
   1.3240000e+03   9.4455818e-02
   1.3220000e+03   9.3866636e-02
   1.3200000e+03   9.3296636e-02
   1.3180000e+03   9.2745273e-02
   1.3160000e+03   9.2213818e-02
   1.3140000e+03   9.1710455e-02
   1.3120000e+03   9.1237182e-02
   1.3100000e+03   9.0789000e-02
   1.3080000e+03   9.0358364e-02
   1.3060000e+03   8.9930909e-02
   1.3040000e+03   8.9492273e-02
   1.3020000e+03   8.9034182e-02
   1.3000000e+03   8.8551545e-02
   1.2980000e+03   8.8037818e-02
   1.2960000e+03   8.7486273e-02
   1.2940000e+03   8.6895455e-02
   1.2920000e+03   8.6273455e-02
   1.2900000e+03   8.5637545e-02
   1.2880000e+03   8.5003182e-02
   1.2860000e+03   8.4380000e-02
   1.2840000e+03   8.3776636e-02
   1.2820000e+03   8.3201091e-02
   1.2800000e+03   8.2661091e-02
   1.2780000e+03   8.2159091e-02
   1.2760000e+03   8.1691545e-02
   1.2740000e+03   8.1251909e-02
   1.2720000e+03   8.0834273e-02
   1.2700000e+03   8.0434818e-02
   1.2680000e+03   8.0050091e-02
   1.2660000e+03   7.9674091e-02
   1.2640000e+03   7.9297636e-02
   1.2620000e+03   7.8916909e-02
   1.2600000e+03   7.8536182e-02
   1.2580000e+03   7.8155727e-02
   1.2560000e+03   7.7770273e-02
   1.2540000e+03   7.7376818e-02
   1.2520000e+03   7.6974182e-02
   1.2500000e+03   7.6562273e-02
   1.2480000e+03   7.6147818e-02
   1.2460000e+03   7.5736273e-02
   1.2440000e+03   7.5323000e-02
   1.2420000e+03   7.4903182e-02
   1.2400000e+03   7.4480818e-02
   1.2380000e+03   7.4062818e-02
   1.2360000e+03   7.3651182e-02
   1.2340000e+03   7.3245000e-02
   1.2320000e+03   7.2843636e-02
   1.2300000e+03   7.2447091e-02
   1.2280000e+03   7.2059273e-02
   1.2260000e+03   7.1685909e-02
   1.2240000e+03   7.1330636e-02
   1.2220000e+03   7.0988364e-02
   1.2200000e+03   7.0651545e-02
   1.2180000e+03   7.0317455e-02
   1.2160000e+03   6.9990091e-02
   1.2140000e+03   6.9673273e-02
   1.2120000e+03   6.9360182e-02
   1.2100000e+03   6.9040545e-02
   1.2080000e+03   6.8711727e-02
   1.2060000e+03   6.8374455e-02
   1.2040000e+03   6.8028545e-02
   1.2020000e+03   6.7681091e-02
   1.2000000e+03   6.7337091e-02
   1.1980000e+03   6.6992636e-02
   1.1960000e+03   6.6643455e-02
   1.1940000e+03   6.6293364e-02
   1.1920000e+03   6.5948909e-02
   1.1900000e+03   6.5617000e-02
   1.1880000e+03   6.5305636e-02
   1.1860000e+03   6.5017636e-02
   1.1840000e+03   6.4747909e-02
   1.1820000e+03   6.4490545e-02
   1.1800000e+03   6.4247818e-02
   1.1780000e+03   6.4027364e-02
   1.1760000e+03   6.3827636e-02
   1.1740000e+03   6.3640000e-02
   1.1720000e+03   6.3457636e-02
   1.1700000e+03   6.3274727e-02
   1.1680000e+03   6.3090182e-02
   1.1660000e+03   6.2909364e-02
   1.1640000e+03   6.2741909e-02
   1.1620000e+03   6.2587727e-02
   1.1600000e+03   6.2440182e-02
   1.1580000e+03   6.2306818e-02
   1.1560000e+03   6.2206545e-02
   1.1540000e+03   6.2141636e-02
   1.1520000e+03   6.2101909e-02
   1.1500000e+03   6.2083909e-02
   1.1480000e+03   6.2090818e-02
   1.1460000e+03   6.2129364e-02
   1.1440000e+03   6.2205182e-02
   1.1420000e+03   6.2315455e-02
   1.1400000e+03   6.2438455e-02
   1.1380000e+03   6.2560727e-02
   1.1360000e+03   6.2691636e-02
   1.1340000e+03   6.2844273e-02
   1.1320000e+03   6.3020727e-02
   1.1300000e+03   6.3203455e-02
   1.1280000e+03   6.3367364e-02
   1.1260000e+03   6.3496545e-02
   1.1240000e+03   6.3590818e-02
   1.1220000e+03   6.3653000e-02
   1.1200000e+03   6.3679364e-02
   1.1180000e+03   6.3658455e-02
   1.1160000e+03   6.3575455e-02
   1.1140000e+03   6.3427273e-02
   1.1120000e+03   6.3231000e-02
   1.1100000e+03   6.3020000e-02
   1.1080000e+03   6.2833000e-02
   1.1060000e+03   6.2710364e-02
   1.1040000e+03   6.2688636e-02
   1.1020000e+03   6.2787818e-02
   1.1000000e+03   6.3001273e-02
   1.0980000e+03   6.3305273e-02
   1.0960000e+03   6.3673727e-02
   1.0940000e+03   6.4077091e-02
   1.0920000e+03   6.4462909e-02
   1.0900000e+03   6.4746000e-02
   1.0880000e+03   6.4825455e-02
   1.0860000e+03   6.4633455e-02
   1.0840000e+03   6.4171909e-02
   1.0820000e+03   6.3497273e-02
   1.0800000e+03   6.2669000e-02
   1.0780000e+03   6.1720455e-02
   1.0760000e+03   6.0680273e-02
   1.0740000e+03   5.9596636e-02
   1.0720000e+03   5.8533455e-02
   1.0700000e+03   5.7546727e-02
   1.0680000e+03   5.6662909e-02
   1.0660000e+03   5.5871727e-02
   1.0640000e+03   5.5146182e-02
   1.0620000e+03   5.4466091e-02
   1.0600000e+03   5.3822909e-02
   1.0580000e+03   5.3208818e-02
   1.0560000e+03   5.2611727e-02
   1.0540000e+03   5.2013000e-02
   1.0520000e+03   5.1389636e-02
   1.0500000e+03   5.0731909e-02
   1.0480000e+03   5.0044091e-02
   1.0460000e+03   4.9325636e-02
   1.0440000e+03   4.8572909e-02
   1.0420000e+03   4.7783727e-02
   1.0400000e+03   4.6958000e-02
   1.0380000e+03   4.6104545e-02
   1.0360000e+03   4.5240727e-02
   1.0340000e+03   4.4376727e-02
   1.0320000e+03   4.3507273e-02
   1.0300000e+03   4.2630091e-02
   1.0280000e+03   4.1745545e-02
   1.0260000e+03   4.0852364e-02
   1.0240000e+03   3.9951364e-02
   1.0220000e+03   3.9044909e-02
   1.0200000e+03   3.8124364e-02
   1.0180000e+03   3.7178455e-02
   1.0160000e+03   3.6206364e-02
   1.0140000e+03   3.5215273e-02
   1.0120000e+03   3.4209727e-02
   1.0100000e+03   3.3198364e-02
   1.0080000e+03   3.2198545e-02
   1.0060000e+03   3.1221000e-02
   1.0040000e+03   3.0269091e-02
   1.0020000e+03   2.9349636e-02
   1.0000000e+03   2.8472364e-02
   9.9800000e+02   2.7633273e-02
   9.9600000e+02   2.6824909e-02
   9.9400000e+02   2.6048909e-02
   9.9200000e+02   2.5301909e-02
   9.9000000e+02   2.4577000e-02
   9.8800000e+02   2.3874545e-02
   9.8600000e+02   2.3192000e-02
   9.8400000e+02   2.2527091e-02
   9.8200000e+02   2.1888455e-02
   9.8000000e+02   2.1283455e-02
   9.7800000e+02   2.0706364e-02
   9.7600000e+02   2.0153000e-02
   9.7400000e+02   1.9621818e-02
   9.7200000e+02   1.9103000e-02
   9.7000000e+02   1.8591364e-02
   9.6800000e+02   1.8088818e-02
   9.6600000e+02   1.7587000e-02
   9.6400000e+02   1.7081273e-02
   9.6200000e+02   1.6579364e-02
   9.6000000e+02   1.6084182e-02
   9.5800000e+02   1.5593091e-02
   9.5600000e+02   1.5113273e-02
   9.5400000e+02   1.4654636e-02
   9.5200000e+02   1.4217909e-02
   9.5000000e+02   1.3805727e-02
   9.4800000e+02   1.3422818e-02
   9.4600000e+02   1.3063182e-02
   9.4400000e+02   1.2726273e-02
   9.4200000e+02   1.2423091e-02
   9.4000000e+02   1.2156545e-02
   9.3800000e+02   1.1919000e-02
   9.3600000e+02   1.1704909e-02
   9.3400000e+02   1.1506818e-02
   9.3200000e+02   1.1314818e-02
   9.3000000e+02   1.1134091e-02
   9.2800000e+02   1.0971636e-02
   9.2600000e+02   1.0822000e-02
   9.2400000e+02   1.0680364e-02
   9.2200000e+02   1.0552364e-02
   9.2000000e+02   1.0452636e-02
   9.1800000e+02   1.0404000e-02
   9.1600000e+02   1.0420364e-02
   9.1400000e+02   1.0506000e-02
   9.1200000e+02   1.0664636e-02
   9.1000000e+02   1.0912727e-02
   9.0800000e+02   1.1262000e-02
   9.0600000e+02   1.1727909e-02
   9.0400000e+02   1.2306091e-02
   9.0200000e+02   1.3007545e-02
   9.0000000e+02   1.3863545e-02
   8.9800000e+02   1.4922000e-02
   8.9600000e+02   1.6238727e-02
   8.9400000e+02   1.7864636e-02
   8.9200000e+02   1.9846455e-02
   8.9000000e+02   2.2236000e-02
   8.8800000e+02   2.5083727e-02
   8.8600000e+02   2.8410000e-02
   8.8400000e+02   3.2172000e-02
   8.8200000e+02   3.6277545e-02
   8.8000000e+02   4.0612818e-02
   8.7800000e+02   4.5047364e-02
   8.7600000e+02   4.9435727e-02
   8.7400000e+02   5.3601273e-02
   8.7200000e+02   5.7307091e-02
   8.7000000e+02   6.0273545e-02
   8.6800000e+02   6.2271182e-02
   8.6600000e+02   6.3193182e-02
   8.6400000e+02   6.3016545e-02
   8.6200000e+02   6.1756182e-02
   8.6000000e+02   5.9442636e-02
   8.5800000e+02   5.6118727e-02
   8.5600000e+02   5.1932455e-02
   8.5400000e+02   4.7199000e-02
   8.5200000e+02   4.2294545e-02
   8.5000000e+02   3.7518727e-02
   8.4800000e+02   3.3052273e-02
   8.4600000e+02   2.8965909e-02
   8.4400000e+02   2.5287273e-02
   8.4200000e+02   2.2088455e-02
   8.4000000e+02   1.9441727e-02
   8.3800000e+02   1.7328727e-02
   8.3600000e+02   1.5652273e-02
   8.3400000e+02   1.4296545e-02
   8.3200000e+02   1.3175182e-02
   8.3000000e+02   1.2244000e-02
   8.2800000e+02   1.1494455e-02
   8.2600000e+02   1.0913364e-02
   8.2400000e+02   1.0466364e-02
   8.2200000e+02   1.0116636e-02
   8.2000000e+02   9.8362727e-03
   8.1800000e+02   9.5878182e-03
   8.1600000e+02   9.3350000e-03
   8.1400000e+02   9.0585455e-03
   8.1200000e+02   8.7447273e-03
   8.1000000e+02   8.3860000e-03
   8.0800000e+02   7.9964545e-03
   8.0600000e+02   7.5833636e-03
   8.0400000e+02   7.1432727e-03
   8.0200000e+02   6.6929091e-03
   8.0000000e+02   6.2702727e-03
   7.9800000e+02   5.8875455e-03
   7.9600000e+02   5.5899091e-03
   7.9400000e+02   5.3783636e-03
   7.9200000e+02   5.2378182e-03
   7.9000000e+02   5.1299091e-03
   7.8800000e+02   5.0285455e-03
   7.8600000e+02   4.9292727e-03
   7.8400000e+02   4.8359091e-03
   7.8200000e+02   4.7887273e-03
   7.8000000e+02   4.7087273e-03
   7.7800000e+02   4.6399091e-03
   7.7600000e+02   4.5833636e-03
   7.7400000e+02   4.5910000e-03
   7.7200000e+02   4.7392727e-03
   7.7000000e+02   4.9527273e-03
   7.6800000e+02   5.2700000e-03
   7.6600000e+02   5.6743636e-03
   7.6400000e+02   6.1614545e-03
   7.6200000e+02   6.7442727e-03
   7.6000000e+02   7.3823636e-03
   7.5800000e+02   8.0660000e-03
   7.5600000e+02   8.7831818e-03
   7.5400000e+02   9.5131818e-03
   7.5200000e+02   1.0208455e-02
   7.5000000e+02   1.0825091e-02
   7.4800000e+02   1.1340455e-02
   7.4600000e+02   1.1764727e-02
   7.4400000e+02   1.2119182e-02
   7.4200000e+02   1.2386455e-02
   7.4000000e+02   1.2513182e-02
   7.3800000e+02   1.2516727e-02
   7.3600000e+02   1.2463727e-02
   7.3400000e+02   1.2465727e-02
   7.3200000e+02   1.2605364e-02
   7.3000000e+02   1.2871636e-02
   7.2800000e+02   1.3197545e-02
   7.2600000e+02   1.3535545e-02
   7.2400000e+02   1.3939909e-02
   7.2200000e+02   1.4548455e-02
   7.2000000e+02   1.5431727e-02
   7.1800000e+02   1.6578091e-02
   7.1600000e+02   1.8013909e-02
   7.1400000e+02   1.9855364e-02
   7.1200000e+02   2.2271545e-02
   7.1000000e+02   2.5483636e-02
   7.0800000e+02   2.9624455e-02
   7.0600000e+02   3.4647091e-02
   7.0400000e+02   4.0371455e-02
   7.0200000e+02   4.6595727e-02
   7.0000000e+02   5.3116364e-02
