   4.0000000e+03   1.1038889e-03
   3.9980000e+03   1.0991111e-03
   3.9960000e+03   1.0875556e-03
   3.9940000e+03   1.0653333e-03
   3.9920000e+03   9.9833333e-04
   3.9900000e+03   9.3633333e-04
   3.9880000e+03   8.6922222e-04
   3.9860000e+03   8.1200000e-04
   3.9840000e+03   7.7577778e-04
   3.9820000e+03   7.6133333e-04
   3.9800000e+03   7.5944444e-04
   3.9780000e+03   7.7277778e-04
   3.9760000e+03   8.1677778e-04
   3.9740000e+03   8.8422222e-04
   3.9720000e+03   9.4200000e-04
   3.9700000e+03   9.7911111e-04
   3.9680000e+03   1.0066667e-03
   3.9660000e+03   1.0155556e-03
   3.9640000e+03   1.0017778e-03
   3.9620000e+03   9.6633333e-04
   3.9600000e+03   8.9944444e-04
   3.9580000e+03   8.0677778e-04
   3.9560000e+03   7.1755556e-04
   3.9540000e+03   6.5166667e-04
   3.9520000e+03   6.1622222e-04
   3.9500000e+03   6.2166667e-04
   3.9480000e+03   6.6822222e-04
   3.9460000e+03   7.2266667e-04
   3.9440000e+03   7.6588889e-04
   3.9420000e+03   8.1133333e-04
   3.9400000e+03   8.5033333e-04
   3.9380000e+03   8.6333333e-04
   3.9360000e+03   8.6344444e-04
   3.9340000e+03   8.8400000e-04
   3.9320000e+03   9.4500000e-04
   3.9300000e+03   1.0384444e-03
   3.9280000e+03   1.1385556e-03
   3.9260000e+03   1.2307778e-03
   3.9240000e+03   1.3131111e-03
   3.9220000e+03   1.3583333e-03
   3.9200000e+03   1.3302222e-03
   3.9180000e+03   1.2384444e-03
   3.9160000e+03   1.1133333e-03
   3.9140000e+03   9.6988889e-04
   3.9120000e+03   8.2844444e-04
   3.9100000e+03   7.1466667e-04
   3.9080000e+03   6.3311111e-04
   3.9060000e+03   5.9966667e-04
   3.9040000e+03   6.5222222e-04
   3.9020000e+03   7.9000000e-04
   3.9000000e+03   9.5244444e-04
   3.8980000e+03   1.0748889e-03
   3.8960000e+03   1.1277778e-03
   3.8940000e+03   1.1377778e-03
   3.8920000e+03   1.1450000e-03
   3.8900000e+03   1.1315556e-03
   3.8880000e+03   1.0272222e-03
   3.8860000e+03   8.6444444e-04
   3.8840000e+03   7.4222222e-04
   3.8820000e+03   6.9722222e-04
   3.8800000e+03   7.3933333e-04
   3.8780000e+03   8.4222222e-04
   3.8760000e+03   9.7277778e-04
   3.8740000e+03   1.1421111e-03
   3.8720000e+03   1.3382222e-03
   3.8700000e+03   1.5282222e-03
   3.8680000e+03   1.6974444e-03
   3.8660000e+03   1.8175556e-03
   3.8640000e+03   1.9185556e-03
   3.8620000e+03   2.0112222e-03
   3.8600000e+03   2.0450000e-03
   3.8580000e+03   2.0210000e-03
   3.8560000e+03   1.9906667e-03
   3.8540000e+03   2.0186667e-03
   3.8520000e+03   2.1096667e-03
   3.8500000e+03   2.1183333e-03
   3.8480000e+03   2.0163333e-03
   3.8460000e+03   1.8877778e-03
   3.8440000e+03   1.8072222e-03
   3.8420000e+03   1.7821111e-03
   3.8400000e+03   1.7758889e-03
   3.8380000e+03   1.7468889e-03
   3.8360000e+03   1.6635556e-03
   3.8340000e+03   1.5574444e-03
   3.8320000e+03   1.4840000e-03
   3.8300000e+03   1.4397778e-03
   3.8280000e+03   1.3941111e-03
   3.8260000e+03   1.3406667e-03
   3.8240000e+03   1.2724444e-03
   3.8220000e+03   1.2180000e-03
   3.8200000e+03   1.2455556e-03
   3.8180000e+03   1.3053333e-03
   3.8160000e+03   1.3563333e-03
   3.8140000e+03   1.3913333e-03
   3.8120000e+03   1.3674444e-03
   3.8100000e+03   1.3182222e-03
   3.8080000e+03   1.2993333e-03
   3.8060000e+03   1.3233333e-03
   3.8040000e+03   1.3330000e-03
   3.8020000e+03   1.3518889e-03
   3.8000000e+03   1.4468889e-03
   3.7980000e+03   1.5481111e-03
   3.7960000e+03   1.6113333e-03
   3.7940000e+03   1.6561111e-03
   3.7920000e+03   1.6756667e-03
   3.7900000e+03   1.6650000e-03
   3.7880000e+03   1.6182222e-03
   3.7860000e+03   1.5373333e-03
   3.7840000e+03   1.4507778e-03
   3.7820000e+03   1.3906667e-03
   3.7800000e+03   1.3776667e-03
   3.7780000e+03   1.4028889e-03
   3.7760000e+03   1.4204444e-03
   3.7740000e+03   1.4114444e-03
   3.7720000e+03   1.3990000e-03
   3.7700000e+03   1.4124444e-03
   3.7680000e+03   1.4281111e-03
   3.7660000e+03   1.4155556e-03
   3.7640000e+03   1.4127778e-03
   3.7620000e+03   1.4502222e-03
   3.7600000e+03   1.5474444e-03
   3.7580000e+03   1.7290000e-03
   3.7560000e+03   1.9467778e-03
   3.7540000e+03   2.1482222e-03
   3.7520000e+03   2.3444444e-03
   3.7500000e+03   2.5587778e-03
   3.7480000e+03   2.6998889e-03
   3.7460000e+03   2.7322222e-03
   3.7440000e+03   2.7286667e-03
   3.7420000e+03   2.6690000e-03
   3.7400000e+03   2.5192222e-03
   3.7380000e+03   2.3628889e-03
   3.7360000e+03   2.2997778e-03
   3.7340000e+03   2.3634444e-03
   3.7320000e+03   2.4805556e-03
   3.7300000e+03   2.5693333e-03
   3.7280000e+03   2.6296667e-03
   3.7260000e+03   2.7122222e-03
   3.7240000e+03   2.8276667e-03
   3.7220000e+03   2.9313333e-03
   3.7200000e+03   2.9931111e-03
   3.7180000e+03   3.0173333e-03
   3.7160000e+03   3.0381111e-03
   3.7140000e+03   3.0908889e-03
   3.7120000e+03   3.2231111e-03
   3.7100000e+03   3.4592222e-03
   3.7080000e+03   3.7076667e-03
   3.7060000e+03   3.8923333e-03
   3.7040000e+03   4.0505556e-03
   3.7020000e+03   4.2544444e-03
   3.7000000e+03   4.5197778e-03
   3.6980000e+03   4.7927778e-03
   3.6960000e+03   5.0395556e-03
   3.6940000e+03   5.2680000e-03
   3.6920000e+03   5.5313333e-03
   3.6900000e+03   5.8901111e-03
   3.6880000e+03   6.3108889e-03
   3.6860000e+03   6.6993333e-03
   3.6840000e+03   7.0692222e-03
   3.6820000e+03   7.4880000e-03
   3.6800000e+03   7.9934444e-03
   3.6780000e+03   8.5927778e-03
   3.6760000e+03   9.2893333e-03
   3.6740000e+03   1.0040000e-02
   3.6720000e+03   1.0735111e-02
   3.6700000e+03   1.1412000e-02
   3.6680000e+03   1.2094000e-02
   3.6660000e+03   1.2692333e-02
   3.6640000e+03   1.3201667e-02
   3.6620000e+03   1.3683333e-02
   3.6600000e+03   1.4185333e-02
   3.6580000e+03   1.4748556e-02
   3.6560000e+03   1.5426000e-02
   3.6540000e+03   1.6208778e-02
   3.6520000e+03   1.7068889e-02
   3.6500000e+03   1.8073556e-02
   3.6480000e+03   1.9254222e-02
   3.6460000e+03   2.0472889e-02
   3.6440000e+03   2.1632667e-02
   3.6420000e+03   2.2767000e-02
   3.6400000e+03   2.3928556e-02
   3.6380000e+03   2.5112000e-02
   3.6360000e+03   2.6284111e-02
   3.6340000e+03   2.7412778e-02
   3.6320000e+03   2.8495222e-02
   3.6300000e+03   2.9590111e-02
   3.6280000e+03   3.0757333e-02
   3.6260000e+03   3.1887222e-02
   3.6240000e+03   3.2880667e-02
   3.6220000e+03   3.3783889e-02
   3.6200000e+03   3.4669222e-02
   3.6180000e+03   3.5551889e-02
   3.6160000e+03   3.6366556e-02
   3.6140000e+03   3.7079556e-02
   3.6120000e+03   3.7720556e-02
   3.6100000e+03   3.8331444e-02
   3.6080000e+03   3.8948000e-02
   3.6060000e+03   3.9529111e-02
   3.6040000e+03   4.0003444e-02
   3.6020000e+03   4.0382444e-02
   3.6000000e+03   4.0734667e-02
   3.5980000e+03   4.1102111e-02
   3.5960000e+03   4.1494556e-02
   3.5940000e+03   4.1924111e-02
   3.5920000e+03   4.2379000e-02
   3.5900000e+03   4.2852889e-02
   3.5880000e+03   4.3397111e-02
   3.5860000e+03   4.4022667e-02
   3.5840000e+03   4.4627111e-02
   3.5820000e+03   4.5154667e-02
   3.5800000e+03   4.5623000e-02
   3.5780000e+03   4.6055000e-02
   3.5760000e+03   4.6469333e-02
   3.5740000e+03   4.6872000e-02
   3.5720000e+03   4.7242222e-02
   3.5700000e+03   4.7576222e-02
   3.5680000e+03   4.7938333e-02
   3.5660000e+03   4.8381889e-02
   3.5640000e+03   4.8847889e-02
   3.5620000e+03   4.9296667e-02
   3.5600000e+03   4.9755667e-02
   3.5580000e+03   5.0241000e-02
   3.5560000e+03   5.0750778e-02
   3.5540000e+03   5.1278667e-02
   3.5520000e+03   5.1808222e-02
   3.5500000e+03   5.2320556e-02
   3.5480000e+03   5.2823667e-02
   3.5460000e+03   5.3329889e-02
   3.5440000e+03   5.3824111e-02
   3.5420000e+03   5.4287444e-02
   3.5400000e+03   5.4725556e-02
   3.5380000e+03   5.5154333e-02
   3.5360000e+03   5.5582556e-02
   3.5340000e+03   5.6004667e-02
   3.5320000e+03   5.6414222e-02
   3.5300000e+03   5.6815111e-02
   3.5280000e+03   5.7212667e-02
   3.5260000e+03   5.7607556e-02
   3.5240000e+03   5.8009667e-02
   3.5220000e+03   5.8411333e-02
   3.5200000e+03   5.8780222e-02
   3.5180000e+03   5.9107111e-02
   3.5160000e+03   5.9412222e-02
   3.5140000e+03   5.9716333e-02
   3.5120000e+03   6.0023111e-02
   3.5100000e+03   6.0336000e-02
   3.5080000e+03   6.0658444e-02
   3.5060000e+03   6.0981556e-02
   3.5040000e+03   6.1315111e-02
   3.5020000e+03   6.1673333e-02
   3.5000000e+03   6.2041667e-02
   3.4980000e+03   6.2398333e-02
   3.4960000e+03   6.2731556e-02
   3.4940000e+03   6.3036778e-02
   3.4920000e+03   6.3326667e-02
   3.4900000e+03   6.3612444e-02
   3.4880000e+03   6.3879000e-02
   3.4860000e+03   6.4100444e-02
   3.4840000e+03   6.4276556e-02
   3.4820000e+03   6.4439000e-02
   3.4800000e+03   6.4609667e-02
   3.4780000e+03   6.4777111e-02
   3.4760000e+03   6.4920111e-02
   3.4740000e+03   6.5040667e-02
   3.4720000e+03   6.5156222e-02
   3.4700000e+03   6.5269000e-02
   3.4680000e+03   6.5357111e-02
   3.4660000e+03   6.5386000e-02
   3.4640000e+03   6.5333889e-02
   3.4620000e+03   6.5212222e-02
   3.4600000e+03   6.5040778e-02
   3.4580000e+03   6.4812444e-02
   3.4560000e+03   6.4505333e-02
   3.4540000e+03   6.4118889e-02
   3.4520000e+03   6.3680667e-02
   3.4500000e+03   6.3220778e-02
   3.4480000e+03   6.2742222e-02
   3.4460000e+03   6.2229556e-02
   3.4440000e+03   6.1676778e-02
   3.4420000e+03   6.1098444e-02
   3.4400000e+03   6.0495889e-02
   3.4380000e+03   5.9847444e-02
   3.4360000e+03   5.9150889e-02
   3.4340000e+03   5.8414000e-02
   3.4320000e+03   5.7635778e-02
   3.4300000e+03   5.6816000e-02
   3.4280000e+03   5.5951333e-02
   3.4260000e+03   5.5040444e-02
   3.4240000e+03   5.4112111e-02
   3.4220000e+03   5.3208444e-02
   3.4200000e+03   5.2350222e-02
   3.4180000e+03   5.1530111e-02
   3.4160000e+03   5.0736667e-02
   3.4140000e+03   4.9969778e-02
   3.4120000e+03   4.9234222e-02
   3.4100000e+03   4.8533222e-02
   3.4080000e+03   4.7866778e-02
   3.4060000e+03   4.7230333e-02
   3.4040000e+03   4.6621778e-02
   3.4020000e+03   4.6047556e-02
   3.4000000e+03   4.5520444e-02
   3.3980000e+03   4.5042778e-02
   3.3960000e+03   4.4608333e-02
   3.3940000e+03   4.4213667e-02
   3.3920000e+03   4.3837333e-02
   3.3900000e+03   4.3444667e-02
   3.3880000e+03   4.3024111e-02
   3.3860000e+03   4.2589222e-02
   3.3840000e+03   4.2154778e-02
   3.3820000e+03   4.1716889e-02
   3.3800000e+03   4.1262778e-02
   3.3780000e+03   4.0807222e-02
   3.3760000e+03   4.0380444e-02
   3.3740000e+03   3.9993000e-02
   3.3720000e+03   3.9634556e-02
   3.3700000e+03   3.9284444e-02
   3.3680000e+03   3.8933667e-02
   3.3660000e+03   3.8594667e-02
   3.3640000e+03   3.8267778e-02
   3.3620000e+03   3.7929333e-02
   3.3600000e+03   3.7571889e-02
   3.3580000e+03   3.7212222e-02
   3.3560000e+03   3.6867556e-02
   3.3540000e+03   3.6551222e-02
   3.3520000e+03   3.6270889e-02
   3.3500000e+03   3.6019556e-02
   3.3480000e+03   3.5781667e-02
   3.3460000e+03   3.5544333e-02
   3.3440000e+03   3.5291333e-02
   3.3420000e+03   3.5008778e-02
   3.3400000e+03   3.4707444e-02
   3.3380000e+03   3.4406444e-02
   3.3360000e+03   3.4114778e-02
   3.3340000e+03   3.3831556e-02
   3.3320000e+03   3.3558667e-02
   3.3300000e+03   3.3309333e-02
   3.3280000e+03   3.3090778e-02
   3.3260000e+03   3.2887889e-02
   3.3240000e+03   3.2684889e-02
   3.3220000e+03   3.2486111e-02
   3.3200000e+03   3.2296111e-02
   3.3180000e+03   3.2105556e-02
   3.3160000e+03   3.1904556e-02
   3.3140000e+03   3.1698889e-02
   3.3120000e+03   3.1498889e-02
   3.3100000e+03   3.1299333e-02
   3.3080000e+03   3.1078333e-02
   3.3060000e+03   3.0822556e-02
   3.3040000e+03   3.0556778e-02
   3.3020000e+03   3.0309111e-02
   3.3000000e+03   3.0082222e-02
   3.2980000e+03   2.9870222e-02
   3.2960000e+03   2.9665444e-02
   3.2940000e+03   2.9457778e-02
   3.2920000e+03   2.9249667e-02
   3.2900000e+03   2.9050667e-02
   3.2880000e+03   2.8859222e-02
   3.2860000e+03   2.8658556e-02
   3.2840000e+03   2.8430556e-02
   3.2820000e+03   2.8170000e-02
   3.2800000e+03   2.7893222e-02
   3.2780000e+03   2.7619000e-02
   3.2760000e+03   2.7352556e-02
   3.2740000e+03   2.7087444e-02
   3.2720000e+03   2.6820333e-02
   3.2700000e+03   2.6554444e-02
   3.2680000e+03   2.6306222e-02
   3.2660000e+03   2.6087333e-02
   3.2640000e+03   2.5879667e-02
   3.2620000e+03   2.5661444e-02
   3.2600000e+03   2.5445889e-02
   3.2580000e+03   2.5247556e-02
   3.2560000e+03   2.5059889e-02
   3.2540000e+03   2.4871556e-02
   3.2520000e+03   2.4678444e-02
   3.2500000e+03   2.4482667e-02
   3.2480000e+03   2.4288778e-02
   3.2460000e+03   2.4105111e-02
   3.2440000e+03   2.3933667e-02
   3.2420000e+03   2.3761778e-02
   3.2400000e+03   2.3584556e-02
   3.2380000e+03   2.3405111e-02
   3.2360000e+03   2.3224778e-02
   3.2340000e+03   2.3053889e-02
   3.2320000e+03   2.2896444e-02
   3.2300000e+03   2.2733444e-02
   3.2280000e+03   2.2549667e-02
   3.2260000e+03   2.2355778e-02
   3.2240000e+03   2.2176333e-02
   3.2220000e+03   2.2021222e-02
   3.2200000e+03   2.1872778e-02
   3.2180000e+03   2.1709333e-02
   3.2160000e+03   2.1527444e-02
   3.2140000e+03   2.1342889e-02
   3.2120000e+03   2.1165222e-02
   3.2100000e+03   2.0987444e-02
   3.2080000e+03   2.0796000e-02
   3.2060000e+03   2.0586556e-02
   3.2040000e+03   2.0374444e-02
   3.2020000e+03   2.0170000e-02
   3.2000000e+03   1.9963667e-02
   3.1980000e+03   1.9741556e-02
   3.1960000e+03   1.9496111e-02
   3.1940000e+03   1.9226111e-02
   3.1920000e+03   1.8939111e-02
   3.1900000e+03   1.8645222e-02
   3.1880000e+03   1.8342444e-02
   3.1860000e+03   1.8022444e-02
   3.1840000e+03   1.7699111e-02
   3.1820000e+03   1.7390667e-02
   3.1800000e+03   1.7103444e-02
   3.1780000e+03   1.6844333e-02
   3.1760000e+03   1.6614222e-02
   3.1740000e+03   1.6396000e-02
   3.1720000e+03   1.6176778e-02
   3.1700000e+03   1.5962333e-02
   3.1680000e+03   1.5759889e-02
   3.1660000e+03   1.5560667e-02
   3.1640000e+03   1.5352444e-02
   3.1620000e+03   1.5130889e-02
   3.1600000e+03   1.4900000e-02
   3.1580000e+03   1.4664222e-02
   3.1560000e+03   1.4424778e-02
   3.1540000e+03   1.4182778e-02
   3.1520000e+03   1.3939667e-02
   3.1500000e+03   1.3706111e-02
   3.1480000e+03   1.3487111e-02
   3.1460000e+03   1.3273000e-02
   3.1440000e+03   1.3053889e-02
   3.1420000e+03   1.2833000e-02
   3.1400000e+03   1.2619222e-02
   3.1380000e+03   1.2418222e-02
   3.1360000e+03   1.2225889e-02
   3.1340000e+03   1.2031444e-02
   3.1320000e+03   1.1838889e-02
   3.1300000e+03   1.1665333e-02
   3.1280000e+03   1.1521111e-02
   3.1260000e+03   1.1398667e-02
   3.1240000e+03   1.1286111e-02
   3.1220000e+03   1.1184111e-02
   3.1200000e+03   1.1095556e-02
   3.1180000e+03   1.1020000e-02
   3.1160000e+03   1.0955000e-02
   3.1140000e+03   1.0890778e-02
   3.1120000e+03   1.0822667e-02
   3.1100000e+03   1.0755778e-02
   3.1080000e+03   1.0694000e-02
   3.1060000e+03   1.0627667e-02
   3.1040000e+03   1.0547444e-02
   3.1020000e+03   1.0457333e-02
   3.1000000e+03   1.0356444e-02
   3.0980000e+03   1.0241333e-02
   3.0960000e+03   1.0113000e-02
   3.0940000e+03   9.9814444e-03
   3.0920000e+03   9.8587778e-03
   3.0900000e+03   9.7457778e-03
   3.0880000e+03   9.6357778e-03
   3.0860000e+03   9.5171111e-03
   3.0840000e+03   9.3933333e-03
   3.0820000e+03   9.2714444e-03
   3.0800000e+03   9.1433333e-03
   3.0780000e+03   9.0056667e-03
   3.0760000e+03   8.8672222e-03
   3.0740000e+03   8.7356667e-03
   3.0720000e+03   8.6145556e-03
   3.0700000e+03   8.5076667e-03
   3.0680000e+03   8.4203333e-03
   3.0660000e+03   8.3594444e-03
   3.0640000e+03   8.3237778e-03
   3.0620000e+03   8.2926667e-03
   3.0600000e+03   8.2448889e-03
   3.0580000e+03   8.1794444e-03
   3.0560000e+03   8.1073333e-03
   3.0540000e+03   8.0326667e-03
   3.0520000e+03   7.9522222e-03
   3.0500000e+03   7.8653333e-03
   3.0480000e+03   7.7806667e-03
   3.0460000e+03   7.7054444e-03
   3.0440000e+03   7.6414444e-03
   3.0420000e+03   7.5875556e-03
   3.0400000e+03   7.5317778e-03
   3.0380000e+03   7.4640000e-03
   3.0360000e+03   7.3877778e-03
   3.0340000e+03   7.3113333e-03
   3.0320000e+03   7.2285556e-03
   3.0300000e+03   7.1333333e-03
   3.0280000e+03   7.0316667e-03
   3.0260000e+03   6.9305556e-03
   3.0240000e+03   6.8242222e-03
   3.0220000e+03   6.7037778e-03
   3.0200000e+03   6.5704444e-03
   3.0180000e+03   6.4336667e-03
   3.0160000e+03   6.2951111e-03
   3.0140000e+03   6.1492222e-03
   3.0120000e+03   6.0045556e-03
   3.0100000e+03   5.8785556e-03
   3.0080000e+03   5.7801111e-03
   3.0060000e+03   5.7058889e-03
   3.0040000e+03   5.6458889e-03
   3.0020000e+03   5.6045556e-03
   3.0000000e+03   5.5972222e-03
   2.9980000e+03   5.6272222e-03
   2.9960000e+03   5.6766667e-03
   2.9940000e+03   5.7217778e-03
   2.9920000e+03   5.7500000e-03
   2.9900000e+03   5.7607778e-03
   2.9880000e+03   5.7601111e-03
   2.9860000e+03   5.7440000e-03
   2.9840000e+03   5.6947778e-03
   2.9820000e+03   5.6092222e-03
   2.9800000e+03   5.5066667e-03
   2.9780000e+03   5.4021111e-03
   2.9760000e+03   5.3023333e-03
   2.9740000e+03   5.2177778e-03
   2.9720000e+03   5.1528889e-03
   2.9700000e+03   5.1038889e-03
   2.9680000e+03   5.0670000e-03
   2.9660000e+03   5.0410000e-03
   2.9640000e+03   5.0267778e-03
   2.9620000e+03   5.0355556e-03
   2.9600000e+03   5.0717778e-03
   2.9580000e+03   5.1185556e-03
   2.9560000e+03   5.1643333e-03
   2.9540000e+03   5.2118889e-03
   2.9520000e+03   5.2540000e-03
   2.9500000e+03   5.2863333e-03
   2.9480000e+03   5.3195556e-03
   2.9460000e+03   5.3564444e-03
   2.9440000e+03   5.3905556e-03
   2.9420000e+03   5.4328889e-03
   2.9400000e+03   5.4956667e-03
   2.9380000e+03   5.5672222e-03
   2.9360000e+03   5.6380000e-03
   2.9340000e+03   5.7147778e-03
   2.9320000e+03   5.7925556e-03
   2.9300000e+03   5.8564444e-03
   2.9280000e+03   5.9040000e-03
   2.9260000e+03   5.9415556e-03
   2.9240000e+03   5.9718889e-03
   2.9220000e+03   5.9840000e-03
   2.9200000e+03   5.9610000e-03
   2.9180000e+03   5.8987778e-03
   2.9160000e+03   5.8021111e-03
   2.9140000e+03   5.6752222e-03
   2.9120000e+03   5.5235556e-03
   2.9100000e+03   5.3497778e-03
   2.9080000e+03   5.1670000e-03
   2.9060000e+03   4.9981111e-03
   2.9040000e+03   4.8663333e-03
   2.9020000e+03   4.7741111e-03
   2.9000000e+03   4.7053333e-03
   2.8980000e+03   4.6544444e-03
   2.8960000e+03   4.6273333e-03
   2.8940000e+03   4.6112222e-03
   2.8920000e+03   4.5835556e-03
   2.8900000e+03   4.5313333e-03
   2.8880000e+03   4.4641111e-03
   2.8860000e+03   4.3930000e-03
   2.8840000e+03   4.3170000e-03
   2.8820000e+03   4.2471111e-03
   2.8800000e+03   4.2054444e-03
   2.8780000e+03   4.2037778e-03
   2.8760000e+03   4.2395556e-03
   2.8740000e+03   4.3018889e-03
   2.8720000e+03   4.3886667e-03
   2.8700000e+03   4.4952222e-03
   2.8680000e+03   4.6080000e-03
   2.8660000e+03   4.7157778e-03
   2.8640000e+03   4.8132222e-03
   2.8620000e+03   4.8986667e-03
   2.8600000e+03   4.9665556e-03
   2.8580000e+03   5.0134444e-03
   2.8560000e+03   5.0423333e-03
   2.8540000e+03   5.0503333e-03
   2.8520000e+03   5.0393333e-03
   2.8500000e+03   5.0181111e-03
   2.8480000e+03   4.9817778e-03
   2.8460000e+03   4.9248889e-03
   2.8440000e+03   4.8555556e-03
   2.8420000e+03   4.7872222e-03
   2.8400000e+03   4.7245556e-03
   2.8380000e+03   4.6604444e-03
   2.8360000e+03   4.5882222e-03
   2.8340000e+03   4.4982222e-03
   2.8320000e+03   4.3925556e-03
   2.8300000e+03   4.2922222e-03
   2.8280000e+03   4.2092222e-03
   2.8260000e+03   4.1431111e-03
   2.8240000e+03   4.0992222e-03
   2.8220000e+03   4.0821111e-03
   2.8200000e+03   4.0922222e-03
   2.8180000e+03   4.1348889e-03
   2.8160000e+03   4.2061111e-03
   2.8140000e+03   4.2825556e-03
   2.8120000e+03   4.3415556e-03
   2.8100000e+03   4.3798889e-03
   2.8080000e+03   4.4022222e-03
   2.8060000e+03   4.4158889e-03
   2.8040000e+03   4.4202222e-03
   2.8020000e+03   4.4138889e-03
   2.8000000e+03   4.4054444e-03
   2.7980000e+03   4.4015556e-03
   2.7960000e+03   4.4090000e-03
   2.7940000e+03   4.4290000e-03
   2.7920000e+03   4.4497778e-03
   2.7900000e+03   4.4611111e-03
   2.7880000e+03   4.4631111e-03
   2.7860000e+03   4.4614444e-03
   2.7840000e+03   4.4561111e-03
   2.7820000e+03   4.4477778e-03
   2.7800000e+03   4.4451111e-03
   2.7780000e+03   4.4562222e-03
   2.7760000e+03   4.4818889e-03
   2.7740000e+03   4.5302222e-03
   2.7720000e+03   4.6140000e-03
   2.7700000e+03   4.7302222e-03
   2.7680000e+03   4.8664444e-03
   2.7660000e+03   5.0113333e-03
   2.7640000e+03   5.1483333e-03
   2.7620000e+03   5.2497778e-03
   2.7600000e+03   5.3015556e-03
   2.7580000e+03   5.3156667e-03
   2.7560000e+03   5.3135556e-03
   2.7540000e+03   5.3052222e-03
   2.7520000e+03   5.2892222e-03
   2.7500000e+03   5.2700000e-03
   2.7480000e+03   5.2602222e-03
   2.7460000e+03   5.2693333e-03
   2.7440000e+03   5.2996667e-03
   2.7420000e+03   5.3470000e-03
   2.7400000e+03   5.3973333e-03
   2.7380000e+03   5.4366667e-03
   2.7360000e+03   5.4664444e-03
   2.7340000e+03   5.4995556e-03
   2.7320000e+03   5.5415556e-03
   2.7300000e+03   5.5887778e-03
   2.7280000e+03   5.6371111e-03
   2.7260000e+03   5.6867778e-03
   2.7240000e+03   5.7428889e-03
   2.7220000e+03   5.8008889e-03
   2.7200000e+03   5.8657778e-03
   2.7180000e+03   5.9341111e-03
   2.7160000e+03   6.0058889e-03
   2.7140000e+03   6.0836667e-03
   2.7120000e+03   6.1595556e-03
   2.7100000e+03   6.2234444e-03
   2.7080000e+03   6.2795556e-03
   2.7060000e+03   6.3317778e-03
   2.7040000e+03   6.3744444e-03
   2.7020000e+03   6.3975556e-03
   2.7000000e+03   6.3972222e-03
   2.6980000e+03   6.3727778e-03
   2.6960000e+03   6.3380000e-03
   2.6940000e+03   6.3161111e-03
   2.6920000e+03   6.3154444e-03
   2.6900000e+03   6.3371111e-03
   2.6880000e+03   6.3855556e-03
   2.6860000e+03   6.4580000e-03
   2.6840000e+03   6.5490000e-03
   2.6820000e+03   6.6516667e-03
   2.6800000e+03   6.7493333e-03
   2.6780000e+03   6.8175556e-03
   2.6760000e+03   6.8443333e-03
   2.6740000e+03   6.8476667e-03
   2.6720000e+03   6.8433333e-03
   2.6700000e+03   6.8391111e-03
   2.6680000e+03   6.8418889e-03
   2.6660000e+03   6.8524444e-03
   2.6640000e+03   6.8713333e-03
   2.6620000e+03   6.8987778e-03
   2.6600000e+03   6.9335556e-03
   2.6580000e+03   6.9746667e-03
   2.6560000e+03   7.0191111e-03
   2.6540000e+03   7.0632222e-03
   2.6520000e+03   7.1072222e-03
   2.6500000e+03   7.1517778e-03
   2.6480000e+03   7.1964444e-03
   2.6460000e+03   7.2440000e-03
   2.6440000e+03   7.2987778e-03
   2.6420000e+03   7.3597778e-03
   2.6400000e+03   7.4282222e-03
   2.6380000e+03   7.5118889e-03
   2.6360000e+03   7.6045556e-03
   2.6340000e+03   7.6887778e-03
   2.6320000e+03   7.7680000e-03
   2.6300000e+03   7.8580000e-03
   2.6280000e+03   7.9570000e-03
   2.6260000e+03   8.0502222e-03
   2.6240000e+03   8.1275556e-03
   2.6220000e+03   8.1901111e-03
   2.6200000e+03   8.2470000e-03
   2.6180000e+03   8.3027778e-03
   2.6160000e+03   8.3548889e-03
   2.6140000e+03   8.4007778e-03
   2.6120000e+03   8.4408889e-03
   2.6100000e+03   8.4772222e-03
   2.6080000e+03   8.5117778e-03
   2.6060000e+03   8.5528889e-03
   2.6040000e+03   8.6112222e-03
   2.6020000e+03   8.6864444e-03
   2.6000000e+03   8.7657778e-03
   2.5980000e+03   8.8420000e-03
   2.5960000e+03   8.9168889e-03
   2.5940000e+03   8.9845556e-03
   2.5920000e+03   9.0438889e-03
   2.5900000e+03   9.1005556e-03
   2.5880000e+03   9.1504444e-03
   2.5860000e+03   9.1818889e-03
   2.5840000e+03   9.1992222e-03
   2.5820000e+03   9.2148889e-03
   2.5800000e+03   9.2256667e-03
   2.5780000e+03   9.2206667e-03
   2.5760000e+03   9.2045556e-03
   2.5740000e+03   9.1881111e-03
   2.5720000e+03   9.1724444e-03
   2.5700000e+03   9.1533333e-03
   2.5680000e+03   9.1437778e-03
   2.5660000e+03   9.1682222e-03
   2.5640000e+03   9.2242222e-03
   2.5620000e+03   9.2882222e-03
   2.5600000e+03   9.3497778e-03
   2.5580000e+03   9.4141111e-03
   2.5560000e+03   9.4852222e-03
   2.5540000e+03   9.5672222e-03
   2.5520000e+03   9.6546667e-03
   2.5500000e+03   9.7267778e-03
   2.5480000e+03   9.7792222e-03
   2.5460000e+03   9.8246667e-03
   2.5440000e+03   9.8696667e-03
   2.5420000e+03   9.9138889e-03
   2.5400000e+03   9.9627778e-03
   2.5380000e+03   1.0028111e-02
   2.5360000e+03   1.0115889e-02
   2.5340000e+03   1.0227333e-02
   2.5320000e+03   1.0359778e-02
   2.5300000e+03   1.0502778e-02
   2.5280000e+03   1.0641778e-02
   2.5260000e+03   1.0763778e-02
   2.5240000e+03   1.0864000e-02
   2.5220000e+03   1.0935778e-02
   2.5200000e+03   1.0974778e-02
   2.5180000e+03   1.0989000e-02
   2.5160000e+03   1.0987778e-02
   2.5140000e+03   1.0982556e-02
   2.5120000e+03   1.0983000e-02
   2.5100000e+03   1.0978889e-02
   2.5080000e+03   1.0955556e-02
   2.5060000e+03   1.0924778e-02
   2.5040000e+03   1.0910556e-02
   2.5020000e+03   1.0916778e-02
   2.5000000e+03   1.0932556e-02
   2.4980000e+03   1.0950111e-02
   2.4960000e+03   1.0972222e-02
   2.4940000e+03   1.1006111e-02
   2.4920000e+03   1.1040667e-02
   2.4900000e+03   1.1057444e-02
   2.4880000e+03   1.1053111e-02
   2.4860000e+03   1.1036778e-02
   2.4840000e+03   1.1012333e-02
   2.4820000e+03   1.0977778e-02
   2.4800000e+03   1.0936889e-02
   2.4780000e+03   1.0896667e-02
   2.4760000e+03   1.0866333e-02
   2.4740000e+03   1.0861667e-02
   2.4720000e+03   1.0886667e-02
   2.4700000e+03   1.0929778e-02
   2.4680000e+03   1.0985222e-02
   2.4660000e+03   1.1053333e-02
   2.4640000e+03   1.1132000e-02
   2.4620000e+03   1.1216667e-02
   2.4600000e+03   1.1298000e-02
   2.4580000e+03   1.1364667e-02
   2.4560000e+03   1.1414556e-02
   2.4540000e+03   1.1452222e-02
   2.4520000e+03   1.1475333e-02
   2.4500000e+03   1.1480667e-02
   2.4480000e+03   1.1478111e-02
   2.4460000e+03   1.1481444e-02
   2.4440000e+03   1.1487667e-02
   2.4420000e+03   1.1490667e-02
   2.4400000e+03   1.1498778e-02
   2.4380000e+03   1.1516889e-02
   2.4360000e+03   1.1537444e-02
   2.4340000e+03   1.1557000e-02
   2.4320000e+03   1.1578556e-02
   2.4300000e+03   1.1605333e-02
   2.4280000e+03   1.1638667e-02
   2.4260000e+03   1.1675111e-02
   2.4240000e+03   1.1713556e-02
   2.4220000e+03   1.1757556e-02
   2.4200000e+03   1.1813333e-02
   2.4180000e+03   1.1886333e-02
   2.4160000e+03   1.1972333e-02
   2.4140000e+03   1.2058000e-02
   2.4120000e+03   1.2134667e-02
   2.4100000e+03   1.2204556e-02
   2.4080000e+03   1.2275556e-02
   2.4060000e+03   1.2339778e-02
   2.4040000e+03   1.2378333e-02
   2.4020000e+03   1.2392111e-02
   2.4000000e+03   1.2393889e-02
   2.3980000e+03   1.2390333e-02
   2.3960000e+03   1.2378222e-02
   2.3940000e+03   1.2356778e-02
   2.3920000e+03   1.2330222e-02
   2.3900000e+03   1.2300333e-02
   2.3880000e+03   1.2266889e-02
   2.3860000e+03   1.2225444e-02
   2.3840000e+03   1.2168667e-02
   2.3820000e+03   1.2105889e-02
   2.3800000e+03   1.2052778e-02
   2.3780000e+03   1.2012889e-02
   2.3760000e+03   1.1982667e-02
   2.3740000e+03   1.1951222e-02
   2.3720000e+03   1.1899556e-02
   2.3700000e+03   1.1828444e-02
   2.3680000e+03   1.1761667e-02
   2.3660000e+03   1.1724333e-02
   2.3640000e+03   1.1711000e-02
   2.3620000e+03   1.1683667e-02
   2.3600000e+03   1.1640222e-02
   2.3580000e+03   1.1625889e-02
   2.3560000e+03   1.1674889e-02
   2.3540000e+03   1.1775889e-02
   2.3520000e+03   1.1896778e-02
   2.3500000e+03   1.2006333e-02
   2.3480000e+03   1.2092222e-02
   2.3460000e+03   1.2162889e-02
   2.3440000e+03   1.2229778e-02
   2.3420000e+03   1.2277444e-02
   2.3400000e+03   1.2271222e-02
   2.3380000e+03   1.2203111e-02
   2.3360000e+03   1.2110667e-02
   2.3340000e+03   1.2036778e-02
   2.3320000e+03   1.1983000e-02
   2.3300000e+03   1.1925444e-02
   2.3280000e+03   1.1863000e-02
   2.3260000e+03   1.1822333e-02
   2.3240000e+03   1.1800667e-02
   2.3220000e+03   1.1773667e-02
   2.3200000e+03   1.1744222e-02
   2.3180000e+03   1.1724000e-02
   2.3160000e+03   1.1714889e-02
   2.3140000e+03   1.1721444e-02
   2.3120000e+03   1.1747222e-02
   2.3100000e+03   1.1791444e-02
   2.3080000e+03   1.1854667e-02
   2.3060000e+03   1.1927889e-02
   2.3040000e+03   1.1990889e-02
   2.3020000e+03   1.2032111e-02
   2.3000000e+03   1.2054000e-02
   2.2980000e+03   1.2064222e-02
   2.2960000e+03   1.2067000e-02
   2.2940000e+03   1.2058000e-02
   2.2920000e+03   1.2036556e-02
   2.2900000e+03   1.2005889e-02
   2.2880000e+03   1.1968222e-02
   2.2860000e+03   1.1929000e-02
   2.2840000e+03   1.1898333e-02
   2.2820000e+03   1.1881444e-02
   2.2800000e+03   1.1867222e-02
   2.2780000e+03   1.1842889e-02
   2.2760000e+03   1.1813778e-02
   2.2740000e+03   1.1794111e-02
   2.2720000e+03   1.1783556e-02
   2.2700000e+03   1.1764667e-02
   2.2680000e+03   1.1720111e-02
   2.2660000e+03   1.1646111e-02
   2.2640000e+03   1.1557333e-02
   2.2620000e+03   1.1471778e-02
   2.2600000e+03   1.1393222e-02
   2.2580000e+03   1.1314111e-02
   2.2560000e+03   1.1230667e-02
   2.2540000e+03   1.1141444e-02
   2.2520000e+03   1.1050222e-02
   2.2500000e+03   1.0967000e-02
   2.2480000e+03   1.0895778e-02
   2.2460000e+03   1.0826667e-02
   2.2440000e+03   1.0753667e-02
   2.2420000e+03   1.0680889e-02
   2.2400000e+03   1.0617444e-02
   2.2380000e+03   1.0564556e-02
   2.2360000e+03   1.0515556e-02
   2.2340000e+03   1.0464111e-02
   2.2320000e+03   1.0407111e-02
   2.2300000e+03   1.0342111e-02
   2.2280000e+03   1.0272889e-02
   2.2260000e+03   1.0198111e-02
   2.2240000e+03   1.0117222e-02
   2.2220000e+03   1.0042000e-02
   2.2200000e+03   9.9765556e-03
   2.2180000e+03   9.9100000e-03
   2.2160000e+03   9.8393333e-03
   2.2140000e+03   9.7787778e-03
   2.2120000e+03   9.7390000e-03
   2.2100000e+03   9.7200000e-03
   2.2080000e+03   9.7256667e-03
   2.2060000e+03   9.7583333e-03
   2.2040000e+03   9.8081111e-03
   2.2020000e+03   9.8571111e-03
   2.2000000e+03   9.8902222e-03
   2.1980000e+03   9.9027778e-03
   2.1960000e+03   9.8895556e-03
   2.1940000e+03   9.8414444e-03
   2.1920000e+03   9.7557778e-03
   2.1900000e+03   9.6344444e-03
   2.1880000e+03   9.4825556e-03
   2.1860000e+03   9.3126667e-03
   2.1840000e+03   9.1337778e-03
   2.1820000e+03   8.9531111e-03
   2.1800000e+03   8.7853333e-03
   2.1780000e+03   8.6377778e-03
   2.1760000e+03   8.5103333e-03
   2.1740000e+03   8.4087778e-03
   2.1720000e+03   8.3371111e-03
   2.1700000e+03   8.2872222e-03
   2.1680000e+03   8.2463333e-03
   2.1660000e+03   8.2187778e-03
   2.1640000e+03   8.2086667e-03
   2.1620000e+03   8.2067778e-03
   2.1600000e+03   8.2020000e-03
   2.1580000e+03   8.1876667e-03
   2.1560000e+03   8.1592222e-03
   2.1540000e+03   8.1191111e-03
   2.1520000e+03   8.0715556e-03
   2.1500000e+03   8.0165556e-03
   2.1480000e+03   7.9532222e-03
   2.1460000e+03   7.8876667e-03
   2.1440000e+03   7.8344444e-03
   2.1420000e+03   7.8054444e-03
   2.1400000e+03   7.8028889e-03
   2.1380000e+03   7.8138889e-03
   2.1360000e+03   7.8275556e-03
   2.1340000e+03   7.8435556e-03
   2.1320000e+03   7.8540000e-03
   2.1300000e+03   7.8425556e-03
   2.1280000e+03   7.7974444e-03
   2.1260000e+03   7.7087778e-03
   2.1240000e+03   7.5731111e-03
   2.1220000e+03   7.3940000e-03
   2.1200000e+03   7.1750000e-03
   2.1180000e+03   6.9140000e-03
   2.1160000e+03   6.6095556e-03
   2.1140000e+03   6.2693333e-03
   2.1120000e+03   5.9058889e-03
   2.1100000e+03   5.5281111e-03
   2.1080000e+03   5.1453333e-03
   2.1060000e+03   4.7741111e-03
   2.1040000e+03   4.4248889e-03
   2.1020000e+03   4.1044444e-03
   2.1000000e+03   3.8202222e-03
   2.0980000e+03   3.5674444e-03
   2.0960000e+03   3.3433333e-03
   2.0940000e+03   3.1507778e-03
   2.0920000e+03   2.9853333e-03
   2.0900000e+03   2.8333333e-03
   2.0880000e+03   2.6856667e-03
   2.0860000e+03   2.5428889e-03
   2.0840000e+03   2.4104444e-03
   2.0820000e+03   2.2954444e-03
   2.0800000e+03   2.1934444e-03
   2.0780000e+03   2.0922222e-03
   2.0760000e+03   1.9895556e-03
   2.0740000e+03   1.8875556e-03
   2.0720000e+03   1.7930000e-03
   2.0700000e+03   1.7074444e-03
   2.0680000e+03   1.6264444e-03
   2.0660000e+03   1.5495556e-03
   2.0640000e+03   1.4793333e-03
   2.0620000e+03   1.4154444e-03
   2.0600000e+03   1.3524444e-03
   2.0580000e+03   1.2922222e-03
   2.0560000e+03   1.2455556e-03
   2.0540000e+03   1.2151111e-03
   2.0520000e+03   1.1896667e-03
   2.0500000e+03   1.1638889e-03
   2.0480000e+03   1.1373333e-03
   2.0460000e+03   1.1036667e-03
   2.0440000e+03   1.0543333e-03
   2.0420000e+03   9.8611111e-04
   2.0400000e+03   8.9955556e-04
   2.0380000e+03   8.0100000e-04
   2.0360000e+03   6.9888889e-04
   2.0340000e+03   6.0533333e-04
   2.0320000e+03   5.3044444e-04
   2.0300000e+03   4.7911111e-04
   2.0280000e+03   4.5044444e-04
   2.0260000e+03   4.4311111e-04
   2.0240000e+03   4.5333333e-04
   2.0220000e+03   4.7333333e-04
   2.0200000e+03   4.9877778e-04
   2.0180000e+03   5.2222222e-04
   2.0160000e+03   5.2788889e-04
   2.0140000e+03   5.0822222e-04
   2.0120000e+03   4.6855556e-04
   2.0100000e+03   4.1111111e-04
   2.0080000e+03   3.3688889e-04
   2.0060000e+03   2.5155556e-04
   2.0040000e+03   1.5577778e-04
   2.0020000e+03   6.1111111e-05
   2.0000000e+03  -2.1444444e-05
   1.9980000e+03  -8.3666667e-05
   1.9960000e+03  -1.1511111e-04
   1.9940000e+03  -1.3555556e-04
   1.9920000e+03  -1.2533333e-04
   1.9900000e+03  -1.0966667e-04
   1.9880000e+03  -9.1555556e-05
   1.9860000e+03  -7.2222222e-05
   1.9840000e+03  -5.9777778e-05
   1.9820000e+03  -5.6222222e-05
   1.9800000e+03  -5.6888889e-05
   1.9780000e+03  -5.7888889e-05
   1.9760000e+03  -5.7111111e-05
   1.9740000e+03  -5.9888889e-05
   1.9720000e+03  -6.7444444e-05
   1.9700000e+03  -7.3555556e-05
   1.9680000e+03  -7.5000000e-05
   1.9660000e+03  -7.3333333e-05
   1.9640000e+03  -7.2222222e-05
   1.9620000e+03  -7.1888889e-05
   1.9600000e+03  -6.4666667e-05
   1.9580000e+03  -4.9666667e-05
   1.9560000e+03  -3.3333333e-05
   1.9540000e+03  -1.7777778e-05
   1.9520000e+03  -6.7777778e-06
   1.9500000e+03  -7.3333333e-06
   1.9480000e+03  -1.6555556e-05
   1.9460000e+03  -3.0111111e-05
   1.9440000e+03  -4.9111111e-05
   1.9420000e+03  -7.6444444e-05
   1.9400000e+03  -1.1111111e-04
   1.9380000e+03  -1.4511111e-04
   1.9360000e+03  -1.6711111e-04
   1.9340000e+03  -1.6866667e-04
   1.9320000e+03  -1.5277778e-04
   1.9300000e+03  -1.2955556e-04
   1.9280000e+03  -1.0277778e-04
   1.9260000e+03  -6.8222222e-05
   1.9240000e+03  -2.5000000e-05
   1.9220000e+03   1.8666667e-05
   1.9200000e+03   5.6000000e-05
   1.9180000e+03   8.3666667e-05
   1.9160000e+03   1.0233333e-04
   1.9140000e+03   1.1344444e-04
   1.9120000e+03   1.2911111e-04
   1.9100000e+03   1.5300000e-04
   1.9080000e+03   1.8100000e-04
   1.9060000e+03   2.0866667e-04
   1.9040000e+03   2.3855556e-04
   1.9020000e+03   2.7777778e-04
   1.9000000e+03   3.2277778e-04
   1.8980000e+03   3.7244444e-04
   1.8960000e+03   4.1022222e-04
   1.8940000e+03   4.3000000e-04
   1.8920000e+03   4.4000000e-04
   1.8900000e+03   4.4800000e-04
   1.8880000e+03   4.5233333e-04
   1.8860000e+03   4.5155556e-04
   1.8840000e+03   4.5077778e-04
   1.8820000e+03   4.6266667e-04
   1.8800000e+03   4.9288889e-04
   1.8780000e+03   5.3977778e-04
   1.8760000e+03   5.9700000e-04
   1.8740000e+03   6.5655556e-04
   1.8720000e+03   7.1511111e-04
   1.8700000e+03   7.7177778e-04
   1.8680000e+03   8.2266667e-04
   1.8660000e+03   8.7222222e-04
   1.8640000e+03   9.2744444e-04
   1.8620000e+03   9.7966667e-04
   1.8600000e+03   1.0255556e-03
   1.8580000e+03   1.0715556e-03
   1.8560000e+03   1.1197778e-03
   1.8540000e+03   1.1671111e-03
   1.8520000e+03   1.2104444e-03
   1.8500000e+03   1.2543333e-03
   1.8480000e+03   1.3102222e-03
   1.8460000e+03   1.3848889e-03
   1.8440000e+03   1.4734444e-03
   1.8420000e+03   1.5716667e-03
   1.8400000e+03   1.6847778e-03
   1.8380000e+03   1.8153333e-03
   1.8360000e+03   1.9550000e-03
   1.8340000e+03   2.0873333e-03
   1.8320000e+03   2.2025556e-03
   1.8300000e+03   2.3017778e-03
   1.8280000e+03   2.3903333e-03
   1.8260000e+03   2.4687778e-03
   1.8240000e+03   2.5302222e-03
   1.8220000e+03   2.5732222e-03
   1.8200000e+03   2.6077778e-03
   1.8180000e+03   2.6470000e-03
   1.8160000e+03   2.6996667e-03
   1.8140000e+03   2.7742222e-03
   1.8120000e+03   2.8792222e-03
   1.8100000e+03   3.0167778e-03
   1.8080000e+03   3.1806667e-03
   1.8060000e+03   3.3776667e-03
   1.8040000e+03   3.5977778e-03
   1.8020000e+03   3.8207778e-03
   1.8000000e+03   4.0268889e-03
   1.7980000e+03   4.2048889e-03
   1.7960000e+03   4.3468889e-03
   1.7940000e+03   4.4436667e-03
   1.7920000e+03   4.4971111e-03
   1.7900000e+03   4.5255556e-03
   1.7880000e+03   4.5500000e-03
   1.7860000e+03   4.5772222e-03
   1.7840000e+03   4.6047778e-03
   1.7820000e+03   4.6348889e-03
   1.7800000e+03   4.6764444e-03
   1.7780000e+03   4.7344444e-03
   1.7760000e+03   4.8012222e-03
   1.7740000e+03   4.8660000e-03
   1.7720000e+03   4.9234444e-03
   1.7700000e+03   4.9760000e-03
   1.7680000e+03   5.0311111e-03
   1.7660000e+03   5.0965556e-03
   1.7640000e+03   5.1780000e-03
   1.7620000e+03   5.2836667e-03
   1.7600000e+03   5.4127778e-03
   1.7580000e+03   5.5517778e-03
   1.7560000e+03   5.6993333e-03
   1.7540000e+03   5.8597778e-03
   1.7520000e+03   6.0272222e-03
   1.7500000e+03   6.1925556e-03
   1.7480000e+03   6.3430000e-03
   1.7460000e+03   6.4785556e-03
   1.7440000e+03   6.6081111e-03
   1.7420000e+03   6.7302222e-03
   1.7400000e+03   6.8334444e-03
   1.7380000e+03   6.9055556e-03
   1.7360000e+03   6.9560000e-03
   1.7340000e+03   7.0011111e-03
   1.7320000e+03   7.0436667e-03
   1.7300000e+03   7.0866667e-03
   1.7280000e+03   7.1434444e-03
   1.7260000e+03   7.2224444e-03
   1.7240000e+03   7.3280000e-03
   1.7220000e+03   7.4618889e-03
   1.7200000e+03   7.6184444e-03
   1.7180000e+03   7.7873333e-03
   1.7160000e+03   7.9595556e-03
   1.7140000e+03   8.1211111e-03
   1.7120000e+03   8.2610000e-03
   1.7100000e+03   8.3863333e-03
   1.7080000e+03   8.5066667e-03
   1.7060000e+03   8.6173333e-03
   1.7040000e+03   8.7124444e-03
   1.7020000e+03   8.8072222e-03
   1.7000000e+03   8.9142222e-03
   1.6980000e+03   9.0386667e-03
   1.6960000e+03   9.1863333e-03
   1.6940000e+03   9.3472222e-03
   1.6920000e+03   9.5201111e-03
   1.6900000e+03   9.7075556e-03
   1.6880000e+03   9.9064444e-03
   1.6860000e+03   1.0102889e-02
   1.6840000e+03   1.0282667e-02
   1.6820000e+03   1.0445889e-02
   1.6800000e+03   1.0613556e-02
   1.6780000e+03   1.0789111e-02
   1.6760000e+03   1.0961222e-02
   1.6740000e+03   1.1121000e-02
   1.6720000e+03   1.1287333e-02
   1.6700000e+03   1.1485889e-02
   1.6680000e+03   1.1719333e-02
   1.6660000e+03   1.1979444e-02
   1.6640000e+03   1.2272444e-02
   1.6620000e+03   1.2606556e-02
   1.6600000e+03   1.2986111e-02
   1.6580000e+03   1.3413778e-02
   1.6560000e+03   1.3888556e-02
   1.6540000e+03   1.4415000e-02
   1.6520000e+03   1.4999444e-02
   1.6500000e+03   1.5622111e-02
   1.6480000e+03   1.6272000e-02
   1.6460000e+03   1.6955556e-02
   1.6440000e+03   1.7708889e-02
   1.6420000e+03   1.8574333e-02
   1.6400000e+03   1.9572556e-02
   1.6380000e+03   2.0725556e-02
   1.6360000e+03   2.2071778e-02
   1.6340000e+03   2.3653111e-02
   1.6320000e+03   2.5491889e-02
   1.6300000e+03   2.7599667e-02
   1.6280000e+03   2.9965889e-02
   1.6260000e+03   3.2539333e-02
   1.6240000e+03   3.5245444e-02
   1.6220000e+03   3.7985000e-02
   1.6200000e+03   4.0618889e-02
   1.6180000e+03   4.3035000e-02
   1.6160000e+03   4.5113000e-02
   1.6140000e+03   4.6691556e-02
   1.6120000e+03   4.7672778e-02
   1.6100000e+03   4.8017667e-02
   1.6080000e+03   4.7720556e-02
   1.6060000e+03   4.6814889e-02
   1.6040000e+03   4.5373556e-02
   1.6020000e+03   4.3510444e-02
   1.6000000e+03   4.1370222e-02
   1.5980000e+03   3.9095333e-02
   1.5960000e+03   3.6799000e-02
   1.5940000e+03   3.4568444e-02
   1.5920000e+03   3.2475444e-02
   1.5900000e+03   3.0567000e-02
   1.5880000e+03   2.8868111e-02
   1.5860000e+03   2.7390444e-02
   1.5840000e+03   2.6129000e-02
   1.5820000e+03   2.5057444e-02
   1.5800000e+03   2.4148778e-02
   1.5780000e+03   2.3385000e-02
   1.5760000e+03   2.2751444e-02
   1.5740000e+03   2.2232111e-02
   1.5720000e+03   2.1800667e-02
   1.5700000e+03   2.1429889e-02
   1.5680000e+03   2.1099667e-02
   1.5660000e+03   2.0805222e-02
   1.5640000e+03   2.0541000e-02
   1.5620000e+03   2.0299444e-02
   1.5600000e+03   2.0066444e-02
   1.5580000e+03   1.9814000e-02
   1.5560000e+03   1.9556333e-02
   1.5540000e+03   1.9325222e-02
   1.5520000e+03   1.9135222e-02
   1.5500000e+03   1.8991667e-02
   1.5480000e+03   1.8887556e-02
   1.5460000e+03   1.8814000e-02
   1.5440000e+03   1.8775111e-02
   1.5420000e+03   1.8780889e-02
   1.5400000e+03   1.8815778e-02
   1.5380000e+03   1.8843667e-02
   1.5360000e+03   1.8853778e-02
   1.5340000e+03   1.8850000e-02
   1.5320000e+03   1.8842444e-02
   1.5300000e+03   1.8843778e-02
   1.5280000e+03   1.8848111e-02
   1.5260000e+03   1.8852778e-02
   1.5240000e+03   1.8866556e-02
   1.5220000e+03   1.8898667e-02
   1.5200000e+03   1.8965889e-02
   1.5180000e+03   1.9073667e-02
   1.5160000e+03   1.9204333e-02
   1.5140000e+03   1.9344778e-02
   1.5120000e+03   1.9499778e-02
   1.5100000e+03   1.9664000e-02
   1.5080000e+03   1.9832111e-02
   1.5060000e+03   1.9996000e-02
   1.5040000e+03   2.0142778e-02
   1.5020000e+03   2.0277000e-02
   1.5000000e+03   2.0404778e-02
   1.4980000e+03   2.0527222e-02
   1.4960000e+03   2.0636556e-02
   1.4940000e+03   2.0732111e-02
   1.4920000e+03   2.0818222e-02
   1.4900000e+03   2.0887000e-02
   1.4880000e+03   2.0941889e-02
   1.4860000e+03   2.1002000e-02
   1.4840000e+03   2.1075556e-02
   1.4820000e+03   2.1161333e-02
   1.4800000e+03   2.1254889e-02
   1.4780000e+03   2.1358556e-02
   1.4760000e+03   2.1476333e-02
   1.4740000e+03   2.1602111e-02
   1.4720000e+03   2.1720333e-02
   1.4700000e+03   2.1827778e-02
   1.4680000e+03   2.1933333e-02
   1.4660000e+03   2.2039444e-02
   1.4640000e+03   2.2140889e-02
   1.4620000e+03   2.2238111e-02
   1.4600000e+03   2.2332222e-02
   1.4580000e+03   2.2414222e-02
   1.4560000e+03   2.2473556e-02
   1.4540000e+03   2.2524111e-02
   1.4520000e+03   2.2575000e-02
   1.4500000e+03   2.2623556e-02
   1.4480000e+03   2.2661667e-02
   1.4460000e+03   2.2687222e-02
   1.4440000e+03   2.2715889e-02
   1.4420000e+03   2.2762444e-02
   1.4400000e+03   2.2825444e-02
   1.4380000e+03   2.2895111e-02
   1.4360000e+03   2.2966000e-02
   1.4340000e+03   2.3039556e-02
   1.4320000e+03   2.3119222e-02
   1.4300000e+03   2.3201444e-02
   1.4280000e+03   2.3278111e-02
   1.4260000e+03   2.3344444e-02
   1.4240000e+03   2.3398000e-02
   1.4220000e+03   2.3441556e-02
   1.4200000e+03   2.3477556e-02
   1.4180000e+03   2.3503556e-02
   1.4160000e+03   2.3521111e-02
   1.4140000e+03   2.3533778e-02
   1.4120000e+03   2.3543333e-02
   1.4100000e+03   2.3554444e-02
   1.4080000e+03   2.3569000e-02
   1.4060000e+03   2.3585222e-02
   1.4040000e+03   2.3597889e-02
   1.4020000e+03   2.3607000e-02
   1.4000000e+03   2.3617444e-02
   1.3980000e+03   2.3630111e-02
   1.3960000e+03   2.3641000e-02
   1.3940000e+03   2.3647889e-02
   1.3920000e+03   2.3653667e-02
   1.3900000e+03   2.3667222e-02
   1.3880000e+03   2.3691111e-02
   1.3860000e+03   2.3716000e-02
   1.3840000e+03   2.3735556e-02
   1.3820000e+03   2.3746667e-02
   1.3800000e+03   2.3747000e-02
   1.3780000e+03   2.3736889e-02
   1.3760000e+03   2.3708778e-02
   1.3740000e+03   2.3653667e-02
   1.3720000e+03   2.3579667e-02
   1.3700000e+03   2.3501333e-02
   1.3680000e+03   2.3419667e-02
   1.3660000e+03   2.3332889e-02
   1.3640000e+03   2.3243667e-02
   1.3620000e+03   2.3155111e-02
   1.3600000e+03   2.3070000e-02
   1.3580000e+03   2.2992444e-02
   1.3560000e+03   2.2930889e-02
   1.3540000e+03   2.2889556e-02
   1.3520000e+03   2.2873667e-02
   1.3500000e+03   2.2889111e-02
   1.3480000e+03   2.2930556e-02
   1.3460000e+03   2.2990667e-02
   1.3440000e+03   2.3067667e-02
   1.3420000e+03   2.3157333e-02
   1.3400000e+03   2.3248111e-02
   1.3380000e+03   2.3328222e-02
   1.3360000e+03   2.3398222e-02
   1.3340000e+03   2.3465556e-02
   1.3320000e+03   2.3532111e-02
   1.3300000e+03   2.3593778e-02
   1.3280000e+03   2.3652444e-02
   1.3260000e+03   2.3714444e-02
   1.3240000e+03   2.3783556e-02
   1.3220000e+03   2.3863444e-02
   1.3200000e+03   2.3945444e-02
   1.3180000e+03   2.4016889e-02
   1.3160000e+03   2.4081333e-02
   1.3140000e+03   2.4150667e-02
   1.3120000e+03   2.4223556e-02
   1.3100000e+03   2.4289444e-02
   1.3080000e+03   2.4348000e-02
   1.3060000e+03   2.4408000e-02
   1.3040000e+03   2.4483333e-02
   1.3020000e+03   2.4580667e-02
   1.3000000e+03   2.4695111e-02
   1.2980000e+03   2.4821000e-02
   1.2960000e+03   2.4959222e-02
   1.2940000e+03   2.5113667e-02
   1.2920000e+03   2.5287778e-02
   1.2900000e+03   2.5480667e-02
   1.2880000e+03   2.5686222e-02
   1.2860000e+03   2.5903889e-02
   1.2840000e+03   2.6138667e-02
   1.2820000e+03   2.6393333e-02
   1.2800000e+03   2.6669111e-02
   1.2780000e+03   2.6975111e-02
   1.2760000e+03   2.7314444e-02
   1.2740000e+03   2.7677778e-02
   1.2720000e+03   2.8061222e-02
   1.2700000e+03   2.8467556e-02
   1.2680000e+03   2.8900222e-02
   1.2660000e+03   2.9368222e-02
   1.2640000e+03   2.9880444e-02
   1.2620000e+03   3.0440444e-02
   1.2600000e+03   3.1050222e-02
   1.2580000e+03   3.1720000e-02
   1.2560000e+03   3.2463556e-02
   1.2540000e+03   3.3284222e-02
   1.2520000e+03   3.4183778e-02
   1.2500000e+03   3.5166222e-02
   1.2480000e+03   3.6239778e-02
   1.2460000e+03   3.7419444e-02
   1.2440000e+03   3.8726222e-02
   1.2420000e+03   4.0172778e-02
   1.2400000e+03   4.1768111e-02
   1.2380000e+03   4.3528222e-02
   1.2360000e+03   4.5465667e-02
   1.2340000e+03   4.7581444e-02
   1.2320000e+03   4.9862333e-02
   1.2300000e+03   5.2285333e-02
   1.2280000e+03   5.4826444e-02
   1.2260000e+03   5.7454333e-02
   1.2240000e+03   6.0129444e-02
   1.2220000e+03   6.2801222e-02
   1.2200000e+03   6.5414667e-02
   1.2180000e+03   6.7924111e-02
   1.2160000e+03   7.0302889e-02
   1.2140000e+03   7.2536667e-02
   1.2120000e+03   7.4617111e-02
   1.2100000e+03   7.6537889e-02
   1.2080000e+03   7.8297000e-02
   1.2060000e+03   7.9915111e-02
   1.2040000e+03   8.1427000e-02
   1.2020000e+03   8.2855444e-02
   1.2000000e+03   8.4218222e-02
   1.1980000e+03   8.5528444e-02
   1.1960000e+03   8.6792222e-02
   1.1940000e+03   8.8005444e-02
   1.1920000e+03   8.9158000e-02
   1.1900000e+03   9.0236889e-02
   1.1880000e+03   9.1236111e-02
   1.1860000e+03   9.2149778e-02
   1.1840000e+03   9.2975556e-02
   1.1820000e+03   9.3720111e-02
   1.1800000e+03   9.4397333e-02
   1.1780000e+03   9.5030444e-02
   1.1760000e+03   9.5649556e-02
   1.1740000e+03   9.6274444e-02
   1.1720000e+03   9.6911556e-02
   1.1700000e+03   9.7555889e-02
   1.1680000e+03   9.8196111e-02
   1.1660000e+03   9.8820111e-02
   1.1640000e+03   9.9414556e-02
   1.1620000e+03   9.9961222e-02
   1.1600000e+03   1.0043922e-01
   1.1580000e+03   1.0084244e-01
   1.1560000e+03   1.0118011e-01
   1.1540000e+03   1.0146633e-01
   1.1520000e+03   1.0171833e-01
   1.1500000e+03   1.0195844e-01
   1.1480000e+03   1.0220989e-01
   1.1460000e+03   1.0249078e-01
   1.1440000e+03   1.0281056e-01
   1.1420000e+03   1.0315767e-01
   1.1400000e+03   1.0351156e-01
   1.1380000e+03   1.0386800e-01
   1.1360000e+03   1.0422222e-01
   1.1340000e+03   1.0455867e-01
   1.1320000e+03   1.0485811e-01
   1.1300000e+03   1.0509811e-01
   1.1280000e+03   1.0526578e-01
   1.1260000e+03   1.0537089e-01
   1.1240000e+03   1.0543000e-01
   1.1220000e+03   1.0545689e-01
   1.1200000e+03   1.0545711e-01
   1.1180000e+03   1.0543378e-01
   1.1160000e+03   1.0540389e-01
   1.1140000e+03   1.0539956e-01
   1.1120000e+03   1.0544856e-01
   1.1100000e+03   1.0556356e-01
   1.1080000e+03   1.0574356e-01
   1.1060000e+03   1.0598078e-01
   1.1040000e+03   1.0626567e-01
   1.1020000e+03   1.0659689e-01
   1.1000000e+03   1.0697889e-01
   1.0980000e+03   1.0741000e-01
   1.0960000e+03   1.0788656e-01
   1.0940000e+03   1.0839956e-01
   1.0920000e+03   1.0893544e-01
   1.0900000e+03   1.0947778e-01
   1.0880000e+03   1.1000233e-01
   1.0860000e+03   1.1047967e-01
   1.0840000e+03   1.1086600e-01
   1.0820000e+03   1.1110411e-01
   1.0800000e+03   1.1113789e-01
   1.0780000e+03   1.1093033e-01
   1.0760000e+03   1.1046967e-01
   1.0740000e+03   1.0975333e-01
   1.0720000e+03   1.0878278e-01
   1.0700000e+03   1.0756711e-01
   1.0680000e+03   1.0612344e-01
   1.0660000e+03   1.0449500e-01
   1.0640000e+03   1.0272789e-01
   1.0620000e+03   1.0084700e-01
   1.0600000e+03   9.8875778e-02
   1.0580000e+03   9.6835889e-02
   1.0560000e+03   9.4746556e-02
   1.0540000e+03   9.2636778e-02
   1.0520000e+03   9.0536556e-02
   1.0500000e+03   8.8462778e-02
   1.0480000e+03   8.6428222e-02
   1.0460000e+03   8.4451556e-02
   1.0440000e+03   8.2548222e-02
   1.0420000e+03   8.0724000e-02
   1.0400000e+03   7.8979889e-02
   1.0380000e+03   7.7323778e-02
   1.0360000e+03   7.5762111e-02
   1.0340000e+03   7.4294889e-02
   1.0320000e+03   7.2929222e-02
   1.0300000e+03   7.1688111e-02
   1.0280000e+03   7.0594556e-02
   1.0260000e+03   6.9656444e-02
   1.0240000e+03   6.8868333e-02
   1.0220000e+03   6.8213111e-02
   1.0200000e+03   6.7666778e-02
   1.0180000e+03   6.7202667e-02
   1.0160000e+03   6.6774000e-02
   1.0140000e+03   6.6319222e-02
   1.0120000e+03   6.5785000e-02
   1.0100000e+03   6.5136111e-02
   1.0080000e+03   6.4362889e-02
   1.0060000e+03   6.3478111e-02
   1.0040000e+03   6.2500333e-02
   1.0020000e+03   6.1458222e-02
   1.0000000e+03   6.0386444e-02
   9.9800000e+02   5.9311889e-02
   9.9600000e+02   5.8260000e-02
   9.9400000e+02   5.7251333e-02
   9.9200000e+02   5.6294333e-02
   9.9000000e+02   5.5384222e-02
   9.8800000e+02   5.4510000e-02
   9.8600000e+02   5.3665778e-02
   9.8400000e+02   5.2858000e-02
   9.8200000e+02   5.2087667e-02
   9.8000000e+02   5.1353111e-02
   9.7800000e+02   5.0650556e-02
   9.7600000e+02   4.9973111e-02
   9.7400000e+02   4.9314667e-02
   9.7200000e+02   4.8676111e-02
   9.7000000e+02   4.8058222e-02
   9.6800000e+02   4.7457111e-02
   9.6600000e+02   4.6862222e-02
   9.6400000e+02   4.6268333e-02
   9.6200000e+02   4.5676111e-02
   9.6000000e+02   4.5086333e-02
   9.5800000e+02   4.4500222e-02
   9.5600000e+02   4.3909556e-02
   9.5400000e+02   4.3304778e-02
   9.5200000e+02   4.2684556e-02
   9.5000000e+02   4.2054667e-02
   9.4800000e+02   4.1424778e-02
   9.4600000e+02   4.0802444e-02
   9.4400000e+02   4.0181778e-02
   9.4200000e+02   3.9550556e-02
   9.4000000e+02   3.8907222e-02
   9.3800000e+02   3.8257667e-02
   9.3600000e+02   3.7603222e-02
   9.3400000e+02   3.6949333e-02
   9.3200000e+02   3.6305778e-02
   9.3000000e+02   3.5672778e-02
   9.2800000e+02   3.5042333e-02
   9.2600000e+02   3.4416111e-02
   9.2400000e+02   3.3806222e-02
   9.2200000e+02   3.3219333e-02
   9.2000000e+02   3.2639556e-02
   9.1800000e+02   3.2048444e-02
   9.1600000e+02   3.1440111e-02
   9.1400000e+02   3.0809556e-02
   9.1200000e+02   3.0150778e-02
   9.1000000e+02   2.9465556e-02
   9.0800000e+02   2.8762444e-02
   9.0600000e+02   2.8045333e-02
   9.0400000e+02   2.7315667e-02
   9.0200000e+02   2.6593778e-02
   9.0000000e+02   2.5914667e-02
   8.9800000e+02   2.5318667e-02
   8.9600000e+02   2.4831889e-02
   8.9400000e+02   2.4447000e-02
   8.9200000e+02   2.4147444e-02
   8.9000000e+02   2.3929778e-02
   8.8800000e+02   2.3787889e-02
   8.8600000e+02   2.3704444e-02
   8.8400000e+02   2.3639889e-02
   8.8200000e+02   2.3568111e-02
   8.8000000e+02   2.3484111e-02
   8.7800000e+02   2.3407111e-02
   8.7600000e+02   2.3347778e-02
   8.7400000e+02   2.3306222e-02
   8.7200000e+02   2.3283889e-02
   8.7000000e+02   2.3283778e-02
   8.6800000e+02   2.3310111e-02
   8.6600000e+02   2.3356333e-02
   8.6400000e+02   2.3413111e-02
   8.6200000e+02   2.3475444e-02
   8.6000000e+02   2.3534222e-02
   8.5800000e+02   2.3574556e-02
   8.5600000e+02   2.3587667e-02
   8.5400000e+02   2.3565333e-02
   8.5200000e+02   2.3513222e-02
   8.5000000e+02   2.3446889e-02
   8.4800000e+02   2.3364889e-02
   8.4600000e+02   2.3253444e-02
   8.4400000e+02   2.3112333e-02
   8.4200000e+02   2.2959667e-02
   8.4000000e+02   2.2811444e-02
   8.3800000e+02   2.2658778e-02
   8.3600000e+02   2.2485778e-02
   8.3400000e+02   2.2291000e-02
   8.3200000e+02   2.2081444e-02
   8.3000000e+02   2.1857333e-02
   8.2800000e+02   2.1612889e-02
   8.2600000e+02   2.1345556e-02
   8.2400000e+02   2.1052000e-02
   8.2200000e+02   2.0724556e-02
   8.2000000e+02   2.0358889e-02
   8.1800000e+02   1.9960111e-02
   8.1600000e+02   1.9541000e-02
   8.1400000e+02   1.9101556e-02
   8.1200000e+02   1.8623222e-02
   8.1000000e+02   1.8090222e-02
   8.0800000e+02   1.7503444e-02
   8.0600000e+02   1.6878667e-02
   8.0400000e+02   1.6223889e-02
   8.0200000e+02   1.5542667e-02
   8.0000000e+02   1.4839333e-02
   7.9800000e+02   1.4108667e-02
   7.9600000e+02   1.3356000e-02
   7.9400000e+02   1.2611000e-02
   7.9200000e+02   1.1908889e-02
   7.9000000e+02   1.1266222e-02
   7.8800000e+02   1.0690000e-02
   7.8600000e+02   1.0180333e-02
   7.8400000e+02   9.7297778e-03
   7.8200000e+02   9.3553333e-03
   7.8000000e+02   9.0471111e-03
   7.7800000e+02   8.7995556e-03
   7.7600000e+02   8.5984444e-03
   7.7400000e+02   8.4363333e-03
   7.7200000e+02   8.3094444e-03
   7.7000000e+02   8.2215556e-03
   7.6800000e+02   8.1690000e-03
   7.6600000e+02   8.1418889e-03
   7.6400000e+02   8.1361111e-03
   7.6200000e+02   8.1480000e-03
   7.6000000e+02   8.1645556e-03
   7.5800000e+02   8.1774444e-03
   7.5600000e+02   8.1893333e-03
   7.5400000e+02   8.2103333e-03
   7.5200000e+02   8.2525556e-03
   7.5000000e+02   8.3142222e-03
   7.4800000e+02   8.4187778e-03
   7.4600000e+02   8.5372222e-03
   7.4400000e+02   8.7052222e-03
   7.4200000e+02   8.9394444e-03
   7.4000000e+02   9.2356667e-03
   7.3800000e+02   9.5890000e-03
   7.3600000e+02   1.0022778e-02
   7.3400000e+02   1.0565222e-02
   7.3200000e+02   1.1244111e-02
   7.3000000e+02   1.2018333e-02
   7.2800000e+02   1.2906333e-02
   7.2600000e+02   1.3871111e-02
   7.2400000e+02   1.4860111e-02
   7.2200000e+02   1.5868556e-02
   7.2000000e+02   1.6905222e-02
   7.1800000e+02   1.7972333e-02
   7.1600000e+02   1.9110889e-02
   7.1400000e+02   2.0379889e-02
   7.1200000e+02   2.1706444e-02
   7.1000000e+02   2.3052000e-02
   7.0800000e+02   2.4567111e-02
   7.0600000e+02   2.6407000e-02
   7.0400000e+02   2.8482556e-02
   7.0200000e+02   3.0559000e-02
   7.0000000e+02   3.2513333e-02
