   4.0000000e+03   1.2274286e-03
   3.9980000e+03   1.3824286e-03
   3.9960000e+03   1.5165714e-03
   3.9940000e+03   1.6141429e-03
   3.9920000e+03   1.7000000e-03
   3.9900000e+03   1.7892857e-03
   3.9880000e+03   1.8851429e-03
   3.9860000e+03   1.9645714e-03
   3.9840000e+03   2.0052857e-03
   3.9820000e+03   2.0235714e-03
   3.9800000e+03   2.0500000e-03
   3.9780000e+03   2.1261429e-03
   3.9760000e+03   2.2344286e-03
   3.9740000e+03   2.3537143e-03
   3.9720000e+03   2.4707143e-03
   3.9700000e+03   2.5862857e-03
   3.9680000e+03   2.6968571e-03
   3.9660000e+03   2.7837143e-03
   3.9640000e+03   2.8335714e-03
   3.9620000e+03   2.8381429e-03
   3.9600000e+03   2.7874286e-03
   3.9580000e+03   2.6948571e-03
   3.9560000e+03   2.5934286e-03
   3.9540000e+03   2.5110000e-03
   3.9520000e+03   2.4565714e-03
   3.9500000e+03   2.4221429e-03
   3.9480000e+03   2.4094286e-03
   3.9460000e+03   2.4340000e-03
   3.9440000e+03   2.4877143e-03
   3.9420000e+03   2.5355714e-03
   3.9400000e+03   2.5537143e-03
   3.9380000e+03   2.5465714e-03
   3.9360000e+03   2.5238571e-03
   3.9340000e+03   2.4797143e-03
   3.9320000e+03   2.3994286e-03
   3.9300000e+03   2.2945714e-03
   3.9280000e+03   2.1907143e-03
   3.9260000e+03   2.0930000e-03
   3.9240000e+03   2.0030000e-03
   3.9220000e+03   1.9315714e-03
   3.9200000e+03   1.8985714e-03
   3.9180000e+03   1.9010000e-03
   3.9160000e+03   1.9072857e-03
   3.9140000e+03   1.8968571e-03
   3.9120000e+03   1.8710000e-03
   3.9100000e+03   1.8404286e-03
   3.9080000e+03   1.8174286e-03
   3.9060000e+03   1.8177143e-03
   3.9040000e+03   1.8561429e-03
   3.9020000e+03   1.9340000e-03
   3.9000000e+03   2.0587143e-03
   3.8980000e+03   2.2372857e-03
   3.8960000e+03   2.4314286e-03
   3.8940000e+03   2.5961429e-03
   3.8920000e+03   2.7267143e-03
   3.8900000e+03   2.8388571e-03
   3.8880000e+03   2.9197143e-03
   3.8860000e+03   2.9458571e-03
   3.8840000e+03   2.9200000e-03
   3.8820000e+03   2.8822857e-03
   3.8800000e+03   2.8697143e-03
   3.8780000e+03   2.8790000e-03
   3.8760000e+03   2.8758571e-03
   3.8740000e+03   2.8474286e-03
   3.8720000e+03   2.8241429e-03
   3.8700000e+03   2.8565714e-03
   3.8680000e+03   2.9367143e-03
   3.8660000e+03   2.9770000e-03
   3.8640000e+03   2.9668571e-03
   3.8620000e+03   2.9691429e-03
   3.8600000e+03   3.0217143e-03
   3.8580000e+03   3.1295714e-03
   3.8560000e+03   3.2790000e-03
   3.8540000e+03   3.4495714e-03
   3.8520000e+03   3.6187143e-03
   3.8500000e+03   3.7550000e-03
   3.8480000e+03   3.8518571e-03
   3.8460000e+03   3.9111429e-03
   3.8440000e+03   3.9151429e-03
   3.8420000e+03   3.8427143e-03
   3.8400000e+03   3.7121429e-03
   3.8380000e+03   3.5704286e-03
   3.8360000e+03   3.4600000e-03
   3.8340000e+03   3.3981429e-03
   3.8320000e+03   3.3841429e-03
   3.8300000e+03   3.4051429e-03
   3.8280000e+03   3.4610000e-03
   3.8260000e+03   3.5678571e-03
   3.8240000e+03   3.7021429e-03
   3.8220000e+03   3.8297143e-03
   3.8200000e+03   3.9478571e-03
   3.8180000e+03   4.0504286e-03
   3.8160000e+03   4.1307143e-03
   3.8140000e+03   4.1994286e-03
   3.8120000e+03   4.2531429e-03
   3.8100000e+03   4.2890000e-03
   3.8080000e+03   4.3212857e-03
   3.8060000e+03   4.3728571e-03
   3.8040000e+03   4.4324286e-03
   3.8020000e+03   4.4628571e-03
   3.8000000e+03   4.4645714e-03
   3.7980000e+03   4.4532857e-03
   3.7960000e+03   4.4350000e-03
   3.7940000e+03   4.4207143e-03
   3.7920000e+03   4.4135714e-03
   3.7900000e+03   4.4182857e-03
   3.7880000e+03   4.4401429e-03
   3.7860000e+03   4.4831429e-03
   3.7840000e+03   4.5407143e-03
   3.7820000e+03   4.5734286e-03
   3.7800000e+03   4.5765714e-03
   3.7780000e+03   4.5840000e-03
   3.7760000e+03   4.5900000e-03
   3.7740000e+03   4.5742857e-03
   3.7720000e+03   4.5407143e-03
   3.7700000e+03   4.4910000e-03
   3.7680000e+03   4.4008571e-03
   3.7660000e+03   4.2448571e-03
   3.7640000e+03   4.0425714e-03
   3.7620000e+03   3.8330000e-03
   3.7600000e+03   3.6237143e-03
   3.7580000e+03   3.4082857e-03
   3.7560000e+03   3.1928571e-03
   3.7540000e+03   2.9987143e-03
   3.7520000e+03   2.8737143e-03
   3.7500000e+03   2.8742857e-03
   3.7480000e+03   2.9615714e-03
   3.7460000e+03   3.0511429e-03
   3.7440000e+03   3.1441429e-03
   3.7420000e+03   3.2640000e-03
   3.7400000e+03   3.3932857e-03
   3.7380000e+03   3.5048571e-03
   3.7360000e+03   3.5761429e-03
   3.7340000e+03   3.6115714e-03
   3.7320000e+03   3.6372857e-03
   3.7300000e+03   3.6664286e-03
   3.7280000e+03   3.6725714e-03
   3.7260000e+03   3.6550000e-03
   3.7240000e+03   3.6374286e-03
   3.7220000e+03   3.6538571e-03
   3.7200000e+03   3.7160000e-03
   3.7180000e+03   3.8010000e-03
   3.7160000e+03   3.8761429e-03
   3.7140000e+03   3.9507143e-03
   3.7120000e+03   4.0660000e-03
   3.7100000e+03   4.2367143e-03
   3.7080000e+03   4.4302857e-03
   3.7060000e+03   4.6120000e-03
   3.7040000e+03   4.7570000e-03
   3.7020000e+03   4.8557143e-03
   3.7000000e+03   4.9037143e-03
   3.6980000e+03   4.9011429e-03
   3.6960000e+03   4.8761429e-03
   3.6940000e+03   4.8608571e-03
   3.6920000e+03   4.8790000e-03
   3.6900000e+03   4.9550000e-03
   3.6880000e+03   5.1121429e-03
   3.6860000e+03   5.3321429e-03
   3.6840000e+03   5.5820000e-03
   3.6820000e+03   5.8457143e-03
   3.6800000e+03   6.1150000e-03
   3.6780000e+03   6.3578571e-03
   3.6760000e+03   6.5354286e-03
   3.6740000e+03   6.6428571e-03
   3.6720000e+03   6.6815714e-03
   3.6700000e+03   6.6448571e-03
   3.6680000e+03   6.5480000e-03
   3.6660000e+03   6.4230000e-03
   3.6640000e+03   6.2865714e-03
   3.6620000e+03   6.1411429e-03
   3.6600000e+03   6.0125714e-03
   3.6580000e+03   5.9208571e-03
   3.6560000e+03   5.8607143e-03
   3.6540000e+03   5.8384286e-03
   3.6520000e+03   5.8705714e-03
   3.6500000e+03   5.9617143e-03
   3.6480000e+03   6.1242857e-03
   3.6460000e+03   6.3347143e-03
   3.6440000e+03   6.5518571e-03
   3.6420000e+03   6.7580000e-03
   3.6400000e+03   6.9538571e-03
   3.6380000e+03   7.1521429e-03
   3.6360000e+03   7.3544286e-03
   3.6340000e+03   7.5582857e-03
   3.6320000e+03   7.7701429e-03
   3.6300000e+03   7.9758571e-03
   3.6280000e+03   8.1435714e-03
   3.6260000e+03   8.2722857e-03
   3.6240000e+03   8.3868571e-03
   3.6220000e+03   8.4928571e-03
   3.6200000e+03   8.6057143e-03
   3.6180000e+03   8.7475714e-03
   3.6160000e+03   8.9131429e-03
   3.6140000e+03   9.1038571e-03
   3.6120000e+03   9.3421429e-03
   3.6100000e+03   9.6241429e-03
   3.6080000e+03   9.9147143e-03
   3.6060000e+03   1.0176714e-02
   3.6040000e+03   1.0393571e-02
   3.6020000e+03   1.0571571e-02
   3.6000000e+03   1.0710143e-02
   3.5980000e+03   1.0811571e-02
   3.5960000e+03   1.0893857e-02
   3.5940000e+03   1.0987571e-02
   3.5920000e+03   1.1099857e-02
   3.5900000e+03   1.1214714e-02
   3.5880000e+03   1.1338143e-02
   3.5860000e+03   1.1486429e-02
   3.5840000e+03   1.1649714e-02
   3.5820000e+03   1.1799857e-02
   3.5800000e+03   1.1891857e-02
   3.5780000e+03   1.1929143e-02
   3.5760000e+03   1.1953714e-02
   3.5740000e+03   1.1965000e-02
   3.5720000e+03   1.1942714e-02
   3.5700000e+03   1.1887857e-02
   3.5680000e+03   1.1817143e-02
   3.5660000e+03   1.1770429e-02
   3.5640000e+03   1.1755857e-02
   3.5620000e+03   1.1745571e-02
   3.5600000e+03   1.1733571e-02
   3.5580000e+03   1.1739857e-02
   3.5560000e+03   1.1775000e-02
   3.5540000e+03   1.1831571e-02
   3.5520000e+03   1.1911429e-02
   3.5500000e+03   1.2018000e-02
   3.5480000e+03   1.2139857e-02
   3.5460000e+03   1.2276143e-02
   3.5440000e+03   1.2420143e-02
   3.5420000e+03   1.2544857e-02
   3.5400000e+03   1.2654571e-02
   3.5380000e+03   1.2755429e-02
   3.5360000e+03   1.2846714e-02
   3.5340000e+03   1.2945286e-02
   3.5320000e+03   1.3058714e-02
   3.5300000e+03   1.3181857e-02
   3.5280000e+03   1.3306429e-02
   3.5260000e+03   1.3419143e-02
   3.5240000e+03   1.3518286e-02
   3.5220000e+03   1.3611429e-02
   3.5200000e+03   1.3697714e-02
   3.5180000e+03   1.3776000e-02
   3.5160000e+03   1.3839857e-02
   3.5140000e+03   1.3900143e-02
   3.5120000e+03   1.3991571e-02
   3.5100000e+03   1.4118429e-02
   3.5080000e+03   1.4246000e-02
   3.5060000e+03   1.4344714e-02
   3.5040000e+03   1.4418571e-02
   3.5020000e+03   1.4486143e-02
   3.5000000e+03   1.4556429e-02
   3.4980000e+03   1.4627143e-02
   3.4960000e+03   1.4699143e-02
   3.4940000e+03   1.4778286e-02
   3.4920000e+03   1.4866857e-02
   3.4900000e+03   1.4959286e-02
   3.4880000e+03   1.5052857e-02
   3.4860000e+03   1.5149714e-02
   3.4840000e+03   1.5242143e-02
   3.4820000e+03   1.5327429e-02
   3.4800000e+03   1.5403286e-02
   3.4780000e+03   1.5460714e-02
   3.4760000e+03   1.5509571e-02
   3.4740000e+03   1.5553429e-02
   3.4720000e+03   1.5572429e-02
   3.4700000e+03   1.5556143e-02
   3.4680000e+03   1.5513857e-02
   3.4660000e+03   1.5465286e-02
   3.4640000e+03   1.5422143e-02
   3.4620000e+03   1.5384857e-02
   3.4600000e+03   1.5344286e-02
   3.4580000e+03   1.5277286e-02
   3.4560000e+03   1.5189714e-02
   3.4540000e+03   1.5124143e-02
   3.4520000e+03   1.5098429e-02
   3.4500000e+03   1.5096429e-02
   3.4480000e+03   1.5088714e-02
   3.4460000e+03   1.5057857e-02
   3.4440000e+03   1.5018286e-02
   3.4420000e+03   1.4994143e-02
   3.4400000e+03   1.4988000e-02
   3.4380000e+03   1.4987857e-02
   3.4360000e+03   1.4983571e-02
   3.4340000e+03   1.4959429e-02
   3.4320000e+03   1.4899857e-02
   3.4300000e+03   1.4810714e-02
   3.4280000e+03   1.4697000e-02
   3.4260000e+03   1.4549571e-02
   3.4240000e+03   1.4360714e-02
   3.4220000e+03   1.4138714e-02
   3.4200000e+03   1.3916857e-02
   3.4180000e+03   1.3724286e-02
   3.4160000e+03   1.3573714e-02
   3.4140000e+03   1.3465571e-02
   3.4120000e+03   1.3392000e-02
   3.4100000e+03   1.3347000e-02
   3.4080000e+03   1.3321143e-02
   3.4060000e+03   1.3288000e-02
   3.4040000e+03   1.3216429e-02
   3.4020000e+03   1.3099571e-02
   3.4000000e+03   1.2957429e-02
   3.3980000e+03   1.2810429e-02
   3.3960000e+03   1.2653143e-02
   3.3940000e+03   1.2466857e-02
   3.3920000e+03   1.2269429e-02
   3.3900000e+03   1.2098714e-02
   3.3880000e+03   1.1960571e-02
   3.3860000e+03   1.1848571e-02
   3.3840000e+03   1.1765286e-02
   3.3820000e+03   1.1709143e-02
   3.3800000e+03   1.1673429e-02
   3.3780000e+03   1.1658571e-02
   3.3760000e+03   1.1671143e-02
   3.3740000e+03   1.1700714e-02
   3.3720000e+03   1.1734429e-02
   3.3700000e+03   1.1768714e-02
   3.3680000e+03   1.1791143e-02
   3.3660000e+03   1.1789000e-02
   3.3640000e+03   1.1760857e-02
   3.3620000e+03   1.1712000e-02
   3.3600000e+03   1.1650571e-02
   3.3580000e+03   1.1579857e-02
   3.3560000e+03   1.1512857e-02
   3.3540000e+03   1.1463143e-02
   3.3520000e+03   1.1419000e-02
   3.3500000e+03   1.1372857e-02
   3.3480000e+03   1.1330286e-02
   3.3460000e+03   1.1296143e-02
   3.3440000e+03   1.1278000e-02
   3.3420000e+03   1.1281714e-02
   3.3400000e+03   1.1296571e-02
   3.3380000e+03   1.1296143e-02
   3.3360000e+03   1.1257571e-02
   3.3340000e+03   1.1180143e-02
   3.3320000e+03   1.1080429e-02
   3.3300000e+03   1.0975143e-02
   3.3280000e+03   1.0877429e-02
   3.3260000e+03   1.0776000e-02
   3.3240000e+03   1.0649286e-02
   3.3220000e+03   1.0516429e-02
   3.3200000e+03   1.0423000e-02
   3.3180000e+03   1.0376571e-02
   3.3160000e+03   1.0349143e-02
   3.3140000e+03   1.0316286e-02
   3.3120000e+03   1.0275714e-02
   3.3100000e+03   1.0251857e-02
   3.3080000e+03   1.0272000e-02
   3.3060000e+03   1.0327000e-02
   3.3040000e+03   1.0390429e-02
   3.3020000e+03   1.0443714e-02
   3.3000000e+03   1.0480000e-02
   3.2980000e+03   1.0504000e-02
   3.2960000e+03   1.0525429e-02
   3.2940000e+03   1.0540429e-02
   3.2920000e+03   1.0521143e-02
   3.2900000e+03   1.0452143e-02
   3.2880000e+03   1.0350714e-02
   3.2860000e+03   1.0232286e-02
   3.2840000e+03   1.0105286e-02
   3.2820000e+03   9.9752857e-03
   3.2800000e+03   9.8421429e-03
   3.2780000e+03   9.6978571e-03
   3.2760000e+03   9.5594286e-03
   3.2740000e+03   9.4482857e-03
   3.2720000e+03   9.3614286e-03
   3.2700000e+03   9.2954286e-03
   3.2680000e+03   9.2391429e-03
   3.2660000e+03   9.1694286e-03
   3.2640000e+03   9.0947143e-03
   3.2620000e+03   9.0482857e-03
   3.2600000e+03   9.0418571e-03
   3.2580000e+03   9.0551429e-03
   3.2560000e+03   9.0665714e-03
   3.2540000e+03   9.0668571e-03
   3.2520000e+03   9.0588571e-03
   3.2500000e+03   9.0491429e-03
   3.2480000e+03   9.0265714e-03
   3.2460000e+03   8.9670000e-03
   3.2440000e+03   8.8807143e-03
   3.2420000e+03   8.7907143e-03
   3.2400000e+03   8.6918571e-03
   3.2380000e+03   8.5877143e-03
   3.2360000e+03   8.5054286e-03
   3.2340000e+03   8.4514286e-03
   3.2320000e+03   8.4060000e-03
   3.2300000e+03   8.3548571e-03
   3.2280000e+03   8.3090000e-03
   3.2260000e+03   8.2822857e-03
   3.2240000e+03   8.2670000e-03
   3.2220000e+03   8.2434286e-03
   3.2200000e+03   8.2161429e-03
   3.2180000e+03   8.2034286e-03
   3.2160000e+03   8.2065714e-03
   3.2140000e+03   8.2030000e-03
   3.2120000e+03   8.1664286e-03
   3.2100000e+03   8.0905714e-03
   3.2080000e+03   7.9962857e-03
   3.2060000e+03   7.9020000e-03
   3.2040000e+03   7.8015714e-03
   3.2020000e+03   7.6871429e-03
   3.2000000e+03   7.5608571e-03
   3.1980000e+03   7.4364286e-03
   3.1960000e+03   7.3245714e-03
   3.1940000e+03   7.2285714e-03
   3.1920000e+03   7.1514286e-03
   3.1900000e+03   7.0880000e-03
   3.1880000e+03   7.0378571e-03
   3.1860000e+03   7.0018571e-03
   3.1840000e+03   6.9890000e-03
   3.1820000e+03   7.0082857e-03
   3.1800000e+03   7.0521429e-03
   3.1780000e+03   7.1002857e-03
   3.1760000e+03   7.1384286e-03
   3.1740000e+03   7.1642857e-03
   3.1720000e+03   7.1641429e-03
   3.1700000e+03   7.1214286e-03
   3.1680000e+03   7.0421429e-03
   3.1660000e+03   6.9504286e-03
   3.1640000e+03   6.8575714e-03
   3.1620000e+03   6.7550000e-03
   3.1600000e+03   6.6310000e-03
   3.1580000e+03   6.4961429e-03
   3.1560000e+03   6.3697143e-03
   3.1540000e+03   6.2542857e-03
   3.1520000e+03   6.1552857e-03
   3.1500000e+03   6.0827143e-03
   3.1480000e+03   6.0312857e-03
   3.1460000e+03   5.9932857e-03
   3.1440000e+03   5.9705714e-03
   3.1420000e+03   5.9567143e-03
   3.1400000e+03   5.9372857e-03
   3.1380000e+03   5.9080000e-03
   3.1360000e+03   5.8745714e-03
   3.1340000e+03   5.8461429e-03
   3.1320000e+03   5.8252857e-03
   3.1300000e+03   5.8098571e-03
   3.1280000e+03   5.8002857e-03
   3.1260000e+03   5.8020000e-03
   3.1240000e+03   5.8227143e-03
   3.1220000e+03   5.8635714e-03
   3.1200000e+03   5.9135714e-03
   3.1180000e+03   5.9608571e-03
   3.1160000e+03   5.9998571e-03
   3.1140000e+03   6.0167143e-03
   3.1120000e+03   6.0017143e-03
   3.1100000e+03   5.9634286e-03
   3.1080000e+03   5.9058571e-03
   3.1060000e+03   5.8171429e-03
   3.1040000e+03   5.7000000e-03
   3.1020000e+03   5.5630000e-03
   3.1000000e+03   5.4197143e-03
   3.0980000e+03   5.2911429e-03
   3.0960000e+03   5.1912857e-03
   3.0940000e+03   5.1178571e-03
   3.0920000e+03   5.0698571e-03
   3.0900000e+03   5.0502857e-03
   3.0880000e+03   5.0478571e-03
   3.0860000e+03   5.0510000e-03
   3.0840000e+03   5.0632857e-03
   3.0820000e+03   5.0872857e-03
   3.0800000e+03   5.1104286e-03
   3.0780000e+03   5.1262857e-03
   3.0760000e+03   5.1355714e-03
   3.0740000e+03   5.1291429e-03
   3.0720000e+03   5.1147143e-03
   3.0700000e+03   5.1024286e-03
   3.0680000e+03   5.0834286e-03
   3.0660000e+03   5.0614286e-03
   3.0640000e+03   5.0501429e-03
   3.0620000e+03   5.0472857e-03
   3.0600000e+03   5.0438571e-03
   3.0580000e+03   5.0360000e-03
   3.0560000e+03   5.0244286e-03
   3.0540000e+03   5.0125714e-03
   3.0520000e+03   5.0075714e-03
   3.0500000e+03   5.0105714e-03
   3.0480000e+03   5.0161429e-03
   3.0460000e+03   5.0184286e-03
   3.0440000e+03   5.0127143e-03
   3.0420000e+03   5.0000000e-03
   3.0400000e+03   4.9775714e-03
   3.0380000e+03   4.9362857e-03
   3.0360000e+03   4.8660000e-03
   3.0340000e+03   4.7614286e-03
   3.0320000e+03   4.6298571e-03
   3.0300000e+03   4.4944286e-03
   3.0280000e+03   4.3830000e-03
   3.0260000e+03   4.3118571e-03
   3.0240000e+03   4.2744286e-03
   3.0220000e+03   4.2555714e-03
   3.0200000e+03   4.2481429e-03
   3.0180000e+03   4.2507143e-03
   3.0160000e+03   4.2665714e-03
   3.0140000e+03   4.2984286e-03
   3.0120000e+03   4.3447143e-03
   3.0100000e+03   4.3998571e-03
   3.0080000e+03   4.4540000e-03
   3.0060000e+03   4.5034286e-03
   3.0040000e+03   4.5442857e-03
   3.0020000e+03   4.5805714e-03
   3.0000000e+03   4.6182857e-03
   2.9980000e+03   4.6445714e-03
   2.9960000e+03   4.6367143e-03
   2.9940000e+03   4.6030000e-03
   2.9920000e+03   4.5654286e-03
   2.9900000e+03   4.5261429e-03
   2.9880000e+03   4.4848571e-03
   2.9860000e+03   4.4488571e-03
   2.9840000e+03   4.4207143e-03
   2.9820000e+03   4.3975714e-03
   2.9800000e+03   4.3845714e-03
   2.9780000e+03   4.3870000e-03
   2.9760000e+03   4.4112857e-03
   2.9740000e+03   4.4644286e-03
   2.9720000e+03   4.5407143e-03
   2.9700000e+03   4.6235714e-03
   2.9680000e+03   4.7065714e-03
   2.9660000e+03   4.7964286e-03
   2.9640000e+03   4.8914286e-03
   2.9620000e+03   4.9598571e-03
   2.9600000e+03   4.9741429e-03
   2.9580000e+03   4.9457143e-03
   2.9560000e+03   4.8935714e-03
   2.9540000e+03   4.8204286e-03
   2.9520000e+03   4.7305714e-03
   2.9500000e+03   4.6198571e-03
   2.9480000e+03   4.4910000e-03
   2.9460000e+03   4.3688571e-03
   2.9440000e+03   4.2798571e-03
   2.9420000e+03   4.2221429e-03
   2.9400000e+03   4.1750000e-03
   2.9380000e+03   4.1220000e-03
   2.9360000e+03   4.0547143e-03
   2.9340000e+03   3.9730000e-03
   2.9320000e+03   3.8832857e-03
   2.9300000e+03   3.7917143e-03
   2.9280000e+03   3.7000000e-03
   2.9260000e+03   3.6131429e-03
   2.9240000e+03   3.5297143e-03
   2.9220000e+03   3.4438571e-03
   2.9200000e+03   3.3641429e-03
   2.9180000e+03   3.3052857e-03
   2.9160000e+03   3.2692857e-03
   2.9140000e+03   3.2618571e-03
   2.9120000e+03   3.2852857e-03
   2.9100000e+03   3.3161429e-03
   2.9080000e+03   3.3248571e-03
   2.9060000e+03   3.3161429e-03
   2.9040000e+03   3.3272857e-03
   2.9020000e+03   3.3775714e-03
   2.9000000e+03   3.4528571e-03
   2.8980000e+03   3.5291429e-03
   2.8960000e+03   3.6017143e-03
   2.8940000e+03   3.6984286e-03
   2.8920000e+03   3.8411429e-03
   2.8900000e+03   4.0080000e-03
   2.8880000e+03   4.1577143e-03
   2.8860000e+03   4.2695714e-03
   2.8840000e+03   4.3532857e-03
   2.8820000e+03   4.4160000e-03
   2.8800000e+03   4.4505714e-03
   2.8780000e+03   4.4534286e-03
   2.8760000e+03   4.4227143e-03
   2.8740000e+03   4.3620000e-03
   2.8720000e+03   4.2894286e-03
   2.8700000e+03   4.2137143e-03
   2.8680000e+03   4.1255714e-03
   2.8660000e+03   4.0275714e-03
   2.8640000e+03   3.9332857e-03
   2.8620000e+03   3.8514286e-03
   2.8600000e+03   3.7921429e-03
   2.8580000e+03   3.7588571e-03
   2.8560000e+03   3.7421429e-03
   2.8540000e+03   3.7304286e-03
   2.8520000e+03   3.7205714e-03
   2.8500000e+03   3.7254286e-03
   2.8480000e+03   3.7531429e-03
   2.8460000e+03   3.7901429e-03
   2.8440000e+03   3.8307143e-03
   2.8420000e+03   3.8775714e-03
   2.8400000e+03   3.9174286e-03
   2.8380000e+03   3.9420000e-03
   2.8360000e+03   3.9668571e-03
   2.8340000e+03   4.0050000e-03
   2.8320000e+03   4.0445714e-03
   2.8300000e+03   4.0637143e-03
   2.8280000e+03   4.0578571e-03
   2.8260000e+03   4.0411429e-03
   2.8240000e+03   4.0251429e-03
   2.8220000e+03   4.0131429e-03
   2.8200000e+03   4.0018571e-03
   2.8180000e+03   3.9861429e-03
   2.8160000e+03   3.9722857e-03
   2.8140000e+03   3.9775714e-03
   2.8120000e+03   4.0071429e-03
   2.8100000e+03   4.0561429e-03
   2.8080000e+03   4.1204286e-03
   2.8060000e+03   4.1927143e-03
   2.8040000e+03   4.2611429e-03
   2.8020000e+03   4.3231429e-03
   2.8000000e+03   4.3738571e-03
   2.7980000e+03   4.4017143e-03
   2.7960000e+03   4.4044286e-03
   2.7940000e+03   4.3851429e-03
   2.7920000e+03   4.3488571e-03
   2.7900000e+03   4.3031429e-03
   2.7880000e+03   4.2458571e-03
   2.7860000e+03   4.1690000e-03
   2.7840000e+03   4.0840000e-03
   2.7820000e+03   4.0177143e-03
   2.7800000e+03   3.9781429e-03
   2.7780000e+03   3.9452857e-03
   2.7760000e+03   3.9011429e-03
   2.7740000e+03   3.8560000e-03
   2.7720000e+03   3.8272857e-03
   2.7700000e+03   3.8165714e-03
   2.7680000e+03   3.8118571e-03
   2.7660000e+03   3.8095714e-03
   2.7640000e+03   3.8137143e-03
   2.7620000e+03   3.8231429e-03
   2.7600000e+03   3.8275714e-03
   2.7580000e+03   3.8271429e-03
   2.7560000e+03   3.8310000e-03
   2.7540000e+03   3.8431429e-03
   2.7520000e+03   3.8604286e-03
   2.7500000e+03   3.8790000e-03
   2.7480000e+03   3.9027143e-03
   2.7460000e+03   3.9354286e-03
   2.7440000e+03   3.9645714e-03
   2.7420000e+03   3.9735714e-03
   2.7400000e+03   3.9577143e-03
   2.7380000e+03   3.9278571e-03
   2.7360000e+03   3.9030000e-03
   2.7340000e+03   3.8848571e-03
   2.7320000e+03   3.8607143e-03
   2.7300000e+03   3.8292857e-03
   2.7280000e+03   3.8027143e-03
   2.7260000e+03   3.7898571e-03
   2.7240000e+03   3.8002857e-03
   2.7220000e+03   3.8372857e-03
   2.7200000e+03   3.8884286e-03
   2.7180000e+03   3.9387143e-03
   2.7160000e+03   3.9827143e-03
   2.7140000e+03   4.0132857e-03
   2.7120000e+03   4.0274286e-03
   2.7100000e+03   4.0230000e-03
   2.7080000e+03   3.9892857e-03
   2.7060000e+03   3.9250000e-03
   2.7040000e+03   3.8484286e-03
   2.7020000e+03   3.7828571e-03
   2.7000000e+03   3.7485714e-03
   2.6980000e+03   3.7495714e-03
   2.6960000e+03   3.7782857e-03
   2.6940000e+03   3.8211429e-03
   2.6920000e+03   3.8684286e-03
   2.6900000e+03   3.9224286e-03
   2.6880000e+03   3.9785714e-03
   2.6860000e+03   4.0192857e-03
   2.6840000e+03   4.0302857e-03
   2.6820000e+03   4.0054286e-03
   2.6800000e+03   3.9530000e-03
   2.6780000e+03   3.8885714e-03
   2.6760000e+03   3.8198571e-03
   2.6740000e+03   3.7535714e-03
   2.6720000e+03   3.6941429e-03
   2.6700000e+03   3.6412857e-03
   2.6680000e+03   3.5982857e-03
   2.6660000e+03   3.5810000e-03
   2.6640000e+03   3.6104286e-03
   2.6620000e+03   3.6825714e-03
   2.6600000e+03   3.7672857e-03
   2.6580000e+03   3.8464286e-03
   2.6560000e+03   3.9174286e-03
   2.6540000e+03   3.9768571e-03
   2.6520000e+03   4.0215714e-03
   2.6500000e+03   4.0348571e-03
   2.6480000e+03   3.9915714e-03
   2.6460000e+03   3.8947143e-03
   2.6440000e+03   3.7704286e-03
   2.6420000e+03   3.6448571e-03
   2.6400000e+03   3.5272857e-03
   2.6380000e+03   3.4215714e-03
   2.6360000e+03   3.3364286e-03
   2.6340000e+03   3.2781429e-03
   2.6320000e+03   3.2475714e-03
   2.6300000e+03   3.2478571e-03
   2.6280000e+03   3.2807143e-03
   2.6260000e+03   3.3391429e-03
   2.6240000e+03   3.4195714e-03
   2.6220000e+03   3.5218571e-03
   2.6200000e+03   3.6238571e-03
   2.6180000e+03   3.6950000e-03
   2.6160000e+03   3.7324286e-03
   2.6140000e+03   3.7491429e-03
   2.6120000e+03   3.7484286e-03
   2.6100000e+03   3.7237143e-03
   2.6080000e+03   3.6734286e-03
   2.6060000e+03   3.6095714e-03
   2.6040000e+03   3.5570000e-03
   2.6020000e+03   3.5272857e-03
   2.6000000e+03   3.5124286e-03
   2.5980000e+03   3.5008571e-03
   2.5960000e+03   3.4964286e-03
   2.5940000e+03   3.5154286e-03
   2.5920000e+03   3.5602857e-03
   2.5900000e+03   3.6117143e-03
   2.5880000e+03   3.6538571e-03
   2.5860000e+03   3.6884286e-03
   2.5840000e+03   3.7211429e-03
   2.5820000e+03   3.7465714e-03
   2.5800000e+03   3.7612857e-03
   2.5780000e+03   3.7614286e-03
   2.5760000e+03   3.7415714e-03
   2.5740000e+03   3.7081429e-03
   2.5720000e+03   3.6774286e-03
   2.5700000e+03   3.6647143e-03
   2.5680000e+03   3.6777143e-03
   2.5660000e+03   3.7065714e-03
   2.5640000e+03   3.7274286e-03
   2.5620000e+03   3.7300000e-03
   2.5600000e+03   3.7228571e-03
   2.5580000e+03   3.7138571e-03
   2.5560000e+03   3.7122857e-03
   2.5540000e+03   3.7231429e-03
   2.5520000e+03   3.7371429e-03
   2.5500000e+03   3.7534286e-03
   2.5480000e+03   3.7828571e-03
   2.5460000e+03   3.8237143e-03
   2.5440000e+03   3.8655714e-03
   2.5420000e+03   3.8982857e-03
   2.5400000e+03   3.9167143e-03
   2.5380000e+03   3.9180000e-03
   2.5360000e+03   3.8952857e-03
   2.5340000e+03   3.8475714e-03
   2.5320000e+03   3.7848571e-03
   2.5300000e+03   3.7162857e-03
   2.5280000e+03   3.6511429e-03
   2.5260000e+03   3.5968571e-03
   2.5240000e+03   3.5502857e-03
   2.5220000e+03   3.5074286e-03
   2.5200000e+03   3.4697143e-03
   2.5180000e+03   3.4377143e-03
   2.5160000e+03   3.4058571e-03
   2.5140000e+03   3.3681429e-03
   2.5120000e+03   3.3257143e-03
   2.5100000e+03   3.2830000e-03
   2.5080000e+03   3.2492857e-03
   2.5060000e+03   3.2350000e-03
   2.5040000e+03   3.2447143e-03
   2.5020000e+03   3.2630000e-03
   2.5000000e+03   3.2790000e-03
   2.4980000e+03   3.2894286e-03
   2.4960000e+03   3.2804286e-03
   2.4940000e+03   3.2521429e-03
   2.4920000e+03   3.2205714e-03
   2.4900000e+03   3.1817143e-03
   2.4880000e+03   3.1167143e-03
   2.4860000e+03   3.0207143e-03
   2.4840000e+03   2.9138571e-03
   2.4820000e+03   2.8205714e-03
   2.4800000e+03   2.7382857e-03
   2.4780000e+03   2.6577143e-03
   2.4760000e+03   2.5800000e-03
   2.4740000e+03   2.5125714e-03
   2.4720000e+03   2.4662857e-03
   2.4700000e+03   2.4482857e-03
   2.4680000e+03   2.4501429e-03
   2.4660000e+03   2.4590000e-03
   2.4640000e+03   2.4657143e-03
   2.4620000e+03   2.4571429e-03
   2.4600000e+03   2.4318571e-03
   2.4580000e+03   2.4030000e-03
   2.4560000e+03   2.3747143e-03
   2.4540000e+03   2.3357143e-03
   2.4520000e+03   2.2824286e-03
   2.4500000e+03   2.2178571e-03
   2.4480000e+03   2.1400000e-03
   2.4460000e+03   2.0615714e-03
   2.4440000e+03   1.9905714e-03
   2.4420000e+03   1.9120000e-03
   2.4400000e+03   1.8204286e-03
   2.4380000e+03   1.7314286e-03
   2.4360000e+03   1.6600000e-03
   2.4340000e+03   1.6060000e-03
   2.4320000e+03   1.5702857e-03
   2.4300000e+03   1.5605714e-03
   2.4280000e+03   1.5704286e-03
   2.4260000e+03   1.5951429e-03
   2.4240000e+03   1.6362857e-03
   2.4220000e+03   1.6865714e-03
   2.4200000e+03   1.7478571e-03
   2.4180000e+03   1.8260000e-03
   2.4160000e+03   1.9117143e-03
   2.4140000e+03   1.9892857e-03
   2.4120000e+03   2.0537143e-03
   2.4100000e+03   2.0955714e-03
   2.4080000e+03   2.1038571e-03
   2.4060000e+03   2.0807143e-03
   2.4040000e+03   2.0320000e-03
   2.4020000e+03   1.9548571e-03
   2.4000000e+03   1.8592857e-03
   2.3980000e+03   1.7644286e-03
   2.3960000e+03   1.6822857e-03
   2.3940000e+03   1.6057143e-03
   2.3920000e+03   1.5285714e-03
   2.3900000e+03   1.4717143e-03
   2.3880000e+03   1.4605714e-03
   2.3860000e+03   1.4970000e-03
   2.3840000e+03   1.5641429e-03
   2.3820000e+03   1.6472857e-03
   2.3800000e+03   1.7620000e-03
   2.3780000e+03   1.9452857e-03
   2.3760000e+03   2.2054286e-03
   2.3740000e+03   2.4984286e-03
   2.3720000e+03   2.7834286e-03
   2.3700000e+03   3.0705714e-03
   2.3680000e+03   3.3822857e-03
   2.3660000e+03   3.7080000e-03
   2.3640000e+03   4.0291429e-03
   2.3620000e+03   4.3604286e-03
   2.3600000e+03   4.7110000e-03
   2.3580000e+03   5.0320000e-03
   2.3560000e+03   5.2447143e-03
   2.3540000e+03   5.3405714e-03
   2.3520000e+03   5.3491429e-03
   2.3500000e+03   5.2912857e-03
   2.3480000e+03   5.1884286e-03
   2.3460000e+03   5.0502857e-03
   2.3440000e+03   4.8681429e-03
   2.3420000e+03   4.6407143e-03
   2.3400000e+03   4.4412857e-03
   2.3380000e+03   4.3171429e-03
   2.3360000e+03   4.2224286e-03
   2.3340000e+03   4.1077143e-03
   2.3320000e+03   3.9612857e-03
   2.3300000e+03   3.7998571e-03
   2.3280000e+03   3.6420000e-03
   2.3260000e+03   3.5105714e-03
   2.3240000e+03   3.4120000e-03
   2.3220000e+03   3.3144286e-03
   2.3200000e+03   3.2015714e-03
   2.3180000e+03   3.0788571e-03
   2.3160000e+03   2.9434286e-03
   2.3140000e+03   2.7937143e-03
   2.3120000e+03   2.6301429e-03
   2.3100000e+03   2.4368571e-03
   2.3080000e+03   2.2027143e-03
   2.3060000e+03   1.9574286e-03
   2.3040000e+03   1.7338571e-03
   2.3020000e+03   1.5191429e-03
   2.3000000e+03   1.2912857e-03
   2.2980000e+03   1.0620000e-03
   2.2960000e+03   8.5828571e-04
   2.2940000e+03   6.9828571e-04
   2.2920000e+03   5.8057143e-04
   2.2900000e+03   4.9828571e-04
   2.2880000e+03   4.5114286e-04
   2.2860000e+03   4.2785714e-04
   2.2840000e+03   4.1500000e-04
   2.2820000e+03   4.1214286e-04
   2.2800000e+03   4.2228571e-04
   2.2780000e+03   4.3514286e-04
   2.2760000e+03   4.2857143e-04
   2.2740000e+03   3.9442857e-04
   2.2720000e+03   3.4700000e-04
   2.2700000e+03   3.0071429e-04
   2.2680000e+03   2.5285714e-04
   2.2660000e+03   1.9700000e-04
   2.2640000e+03   1.3500000e-04
   2.2620000e+03   7.3714286e-05
   2.2600000e+03   2.0000000e-05
   2.2580000e+03  -3.2000000e-05
   2.2560000e+03  -9.3000000e-05
   2.2540000e+03  -1.5714286e-04
   2.2520000e+03  -2.1128571e-04
   2.2500000e+03  -2.5142857e-04
   2.2480000e+03  -2.8771429e-04
   2.2460000e+03  -3.2000000e-04
   2.2440000e+03  -3.3057143e-04
   2.2420000e+03  -3.1414286e-04
   2.2400000e+03  -2.8771429e-04
   2.2380000e+03  -2.7171429e-04
   2.2360000e+03  -2.6657143e-04
   2.2340000e+03  -2.6185714e-04
   2.2320000e+03  -2.6057143e-04
   2.2300000e+03  -2.7242857e-04
   2.2280000e+03  -3.0800000e-04
   2.2260000e+03  -3.7557143e-04
   2.2240000e+03  -4.6142857e-04
   2.2220000e+03  -5.4085714e-04
   2.2200000e+03  -6.1542857e-04
   2.2180000e+03  -6.9671429e-04
   2.2160000e+03  -7.7885714e-04
   2.2140000e+03  -8.4928571e-04
   2.2120000e+03  -8.9428571e-04
   2.2100000e+03  -9.1100000e-04
   2.2080000e+03  -9.0928571e-04
   2.2060000e+03  -8.8728571e-04
   2.2040000e+03  -8.4071429e-04
   2.2020000e+03  -7.8585714e-04
   2.2000000e+03  -7.4885714e-04
   2.1980000e+03  -7.3985714e-04
   2.1960000e+03  -7.4485714e-04
   2.1940000e+03  -7.4742857e-04
   2.1920000e+03  -7.4800000e-04
   2.1900000e+03  -7.5714286e-04
   2.1880000e+03  -7.7685714e-04
   2.1860000e+03  -8.0242857e-04
   2.1840000e+03  -8.2728571e-04
   2.1820000e+03  -8.4628571e-04
   2.1800000e+03  -8.6214286e-04
   2.1780000e+03  -8.7600000e-04
   2.1760000e+03  -8.9014286e-04
   2.1740000e+03  -9.0900000e-04
   2.1720000e+03  -9.3214286e-04
   2.1700000e+03  -9.5185714e-04
   2.1680000e+03  -9.5171429e-04
   2.1660000e+03  -9.2085714e-04
   2.1640000e+03  -8.6685714e-04
   2.1620000e+03  -8.0328571e-04
   2.1600000e+03  -7.2928571e-04
   2.1580000e+03  -6.4314286e-04
   2.1560000e+03  -5.5214286e-04
   2.1540000e+03  -4.7400000e-04
   2.1520000e+03  -4.2914286e-04
   2.1500000e+03  -4.2114286e-04
   2.1480000e+03  -4.3571429e-04
   2.1460000e+03  -4.6528571e-04
   2.1440000e+03  -5.0814286e-04
   2.1420000e+03  -5.5785714e-04
   2.1400000e+03  -6.0528571e-04
   2.1380000e+03  -6.3657143e-04
   2.1360000e+03  -6.3785714e-04
   2.1340000e+03  -6.0957143e-04
   2.1320000e+03  -5.5628571e-04
   2.1300000e+03  -4.9414286e-04
   2.1280000e+03  -4.2871429e-04
   2.1260000e+03  -3.6457143e-04
   2.1240000e+03  -3.1328571e-04
   2.1220000e+03  -2.7600000e-04
   2.1200000e+03  -2.4500000e-04
   2.1180000e+03  -2.2671429e-04
   2.1160000e+03  -2.3271429e-04
   2.1140000e+03  -2.5628571e-04
   2.1120000e+03  -2.9714286e-04
   2.1100000e+03  -3.5571429e-04
   2.1080000e+03  -4.2185714e-04
   2.1060000e+03  -4.9785714e-04
   2.1040000e+03  -5.8342857e-04
   2.1020000e+03  -6.6742857e-04
   2.1000000e+03  -7.4400000e-04
   2.0980000e+03  -8.0628571e-04
   2.0960000e+03  -8.4428571e-04
   2.0940000e+03  -8.5071429e-04
   2.0920000e+03  -8.2757143e-04
   2.0900000e+03  -7.8885714e-04
   2.0880000e+03  -7.4857143e-04
   2.0860000e+03  -7.1528571e-04
   2.0840000e+03  -6.7571429e-04
   2.0820000e+03  -6.1328571e-04
   2.0800000e+03  -5.4057143e-04
   2.0780000e+03  -4.6771429e-04
   2.0760000e+03  -3.9900000e-04
   2.0740000e+03  -3.3271429e-04
   2.0720000e+03  -2.6271429e-04
   2.0700000e+03  -1.9171429e-04
   2.0680000e+03  -1.2942857e-04
   2.0660000e+03  -8.6571429e-05
   2.0640000e+03  -6.5714286e-05
   2.0620000e+03  -5.8285714e-05
   2.0600000e+03  -4.9142857e-05
   2.0580000e+03  -2.9285714e-05
   2.0560000e+03  -2.7142857e-06
   2.0540000e+03   2.1571429e-05
   2.0520000e+03   4.9000000e-05
   2.0500000e+03   8.5142857e-05
   2.0480000e+03   1.2742857e-04
   2.0460000e+03   1.6785714e-04
   2.0440000e+03   1.9728571e-04
   2.0420000e+03   2.2214286e-04
   2.0400000e+03   2.4771429e-04
   2.0380000e+03   2.8200000e-04
   2.0360000e+03   3.1871429e-04
   2.0340000e+03   3.5185714e-04
   2.0320000e+03   3.8828571e-04
   2.0300000e+03   4.3985714e-04
   2.0280000e+03   5.0814286e-04
   2.0260000e+03   5.8657143e-04
   2.0240000e+03   6.6657143e-04
   2.0220000e+03   7.4371429e-04
   2.0200000e+03   8.1600000e-04
   2.0180000e+03   8.8328571e-04
   2.0160000e+03   9.4200000e-04
   2.0140000e+03   9.8557143e-04
   2.0120000e+03   1.0155714e-03
   2.0100000e+03   1.0434286e-03
   2.0080000e+03   1.0710000e-03
   2.0060000e+03   1.0937143e-03
   2.0040000e+03   1.1110000e-03
   2.0020000e+03   1.1225714e-03
   2.0000000e+03   1.1302857e-03
   1.9980000e+03   1.1434286e-03
   1.9960000e+03   1.1632857e-03
   1.9940000e+03   1.1794286e-03
   1.9920000e+03   1.1965714e-03
   1.9900000e+03   1.2298571e-03
   1.9880000e+03   1.2761429e-03
   1.9860000e+03   1.3257143e-03
   1.9840000e+03   1.3734286e-03
   1.9820000e+03   1.4202857e-03
   1.9800000e+03   1.4725714e-03
   1.9780000e+03   1.5424286e-03
   1.9760000e+03   1.6231429e-03
   1.9740000e+03   1.7057143e-03
   1.9720000e+03   1.7958571e-03
   1.9700000e+03   1.8928571e-03
   1.9680000e+03   1.9865714e-03
   1.9660000e+03   2.0762857e-03
   1.9640000e+03   2.1675714e-03
   1.9620000e+03   2.2512857e-03
   1.9600000e+03   2.3157143e-03
   1.9580000e+03   2.3621429e-03
   1.9560000e+03   2.3977143e-03
   1.9540000e+03   2.4291429e-03
   1.9520000e+03   2.4597143e-03
   1.9500000e+03   2.4858571e-03
   1.9480000e+03   2.5041429e-03
   1.9460000e+03   2.5172857e-03
   1.9440000e+03   2.5238571e-03
   1.9420000e+03   2.5152857e-03
   1.9400000e+03   2.5030000e-03
   1.9380000e+03   2.5085714e-03
   1.9360000e+03   2.5347143e-03
   1.9340000e+03   2.5640000e-03
   1.9320000e+03   2.5881429e-03
   1.9300000e+03   2.6175714e-03
   1.9280000e+03   2.6574286e-03
   1.9260000e+03   2.7064286e-03
   1.9240000e+03   2.7605714e-03
   1.9220000e+03   2.8141429e-03
   1.9200000e+03   2.8668571e-03
   1.9180000e+03   2.9267143e-03
   1.9160000e+03   3.0022857e-03
   1.9140000e+03   3.0898571e-03
   1.9120000e+03   3.1772857e-03
   1.9100000e+03   3.2604286e-03
   1.9080000e+03   3.3345714e-03
   1.9060000e+03   3.3980000e-03
   1.9040000e+03   3.4585714e-03
   1.9020000e+03   3.5158571e-03
   1.9000000e+03   3.5594286e-03
   1.8980000e+03   3.5911429e-03
   1.8960000e+03   3.6215714e-03
   1.8940000e+03   3.6580000e-03
   1.8920000e+03   3.6951429e-03
   1.8900000e+03   3.7244286e-03
   1.8880000e+03   3.7490000e-03
   1.8860000e+03   3.7732857e-03
   1.8840000e+03   3.7928571e-03
   1.8820000e+03   3.8061429e-03
   1.8800000e+03   3.8200000e-03
   1.8780000e+03   3.8401429e-03
   1.8760000e+03   3.8677143e-03
   1.8740000e+03   3.9051429e-03
   1.8720000e+03   3.9557143e-03
   1.8700000e+03   4.0108571e-03
   1.8680000e+03   4.0678571e-03
   1.8660000e+03   4.1428571e-03
   1.8640000e+03   4.2400000e-03
   1.8620000e+03   4.3490000e-03
   1.8600000e+03   4.4580000e-03
   1.8580000e+03   4.5532857e-03
   1.8560000e+03   4.6332857e-03
   1.8540000e+03   4.7128571e-03
   1.8520000e+03   4.7992857e-03
   1.8500000e+03   4.8775714e-03
   1.8480000e+03   4.9438571e-03
   1.8460000e+03   5.0112857e-03
   1.8440000e+03   5.0848571e-03
   1.8420000e+03   5.1694286e-03
   1.8400000e+03   5.2647143e-03
   1.8380000e+03   5.3631429e-03
   1.8360000e+03   5.4628571e-03
   1.8340000e+03   5.5682857e-03
   1.8320000e+03   5.6755714e-03
   1.8300000e+03   5.7790000e-03
   1.8280000e+03   5.8838571e-03
   1.8260000e+03   6.0040000e-03
   1.8240000e+03   6.1484286e-03
   1.8220000e+03   6.3142857e-03
   1.8200000e+03   6.4875714e-03
   1.8180000e+03   6.6612857e-03
   1.8160000e+03   6.8318571e-03
   1.8140000e+03   6.9922857e-03
   1.8120000e+03   7.1380000e-03
   1.8100000e+03   7.2671429e-03
   1.8080000e+03   7.3781429e-03
   1.8060000e+03   7.4695714e-03
   1.8040000e+03   7.5467143e-03
   1.8020000e+03   7.6214286e-03
   1.8000000e+03   7.7001429e-03
   1.7980000e+03   7.7838571e-03
   1.7960000e+03   7.8760000e-03
   1.7940000e+03   7.9745714e-03
   1.7920000e+03   8.0784286e-03
   1.7900000e+03   8.1925714e-03
   1.7880000e+03   8.3114286e-03
   1.7860000e+03   8.4242857e-03
   1.7840000e+03   8.5318571e-03
   1.7820000e+03   8.6387143e-03
   1.7800000e+03   8.7432857e-03
   1.7780000e+03   8.8427143e-03
   1.7760000e+03   8.9294286e-03
   1.7740000e+03   8.9941429e-03
   1.7720000e+03   9.0484286e-03
   1.7700000e+03   9.1212857e-03
   1.7680000e+03   9.2114286e-03
   1.7660000e+03   9.2962857e-03
   1.7640000e+03   9.3640000e-03
   1.7620000e+03   9.4242857e-03
   1.7600000e+03   9.5028571e-03
   1.7580000e+03   9.6097143e-03
   1.7560000e+03   9.7352857e-03
   1.7540000e+03   9.8597143e-03
   1.7520000e+03   9.9620000e-03
   1.7500000e+03   1.0043714e-02
   1.7480000e+03   1.0121143e-02
   1.7460000e+03   1.0190857e-02
   1.7440000e+03   1.0245286e-02
   1.7420000e+03   1.0289429e-02
   1.7400000e+03   1.0327571e-02
   1.7380000e+03   1.0366429e-02
   1.7360000e+03   1.0420714e-02
   1.7340000e+03   1.0489571e-02
   1.7320000e+03   1.0559000e-02
   1.7300000e+03   1.0621286e-02
   1.7280000e+03   1.0673714e-02
   1.7260000e+03   1.0710286e-02
   1.7240000e+03   1.0732143e-02
   1.7220000e+03   1.0752571e-02
   1.7200000e+03   1.0778571e-02
   1.7180000e+03   1.0807714e-02
   1.7160000e+03   1.0848143e-02
   1.7140000e+03   1.0910857e-02
   1.7120000e+03   1.0986000e-02
   1.7100000e+03   1.1072571e-02
   1.7080000e+03   1.1174857e-02
   1.7060000e+03   1.1288571e-02
   1.7040000e+03   1.1403571e-02
   1.7020000e+03   1.1495429e-02
   1.7000000e+03   1.1542857e-02
   1.6980000e+03   1.1569857e-02
   1.6960000e+03   1.1604857e-02
   1.6940000e+03   1.1637286e-02
   1.6920000e+03   1.1651429e-02
   1.6900000e+03   1.1641571e-02
   1.6880000e+03   1.1620714e-02
   1.6860000e+03   1.1616857e-02
   1.6840000e+03   1.1646143e-02
   1.6820000e+03   1.1715857e-02
   1.6800000e+03   1.1815571e-02
   1.6780000e+03   1.1930286e-02
   1.6760000e+03   1.2044000e-02
   1.6740000e+03   1.2152714e-02
   1.6720000e+03   1.2272000e-02
   1.6700000e+03   1.2408286e-02
   1.6680000e+03   1.2555429e-02
   1.6660000e+03   1.2697286e-02
   1.6640000e+03   1.2818429e-02
   1.6620000e+03   1.2929429e-02
   1.6600000e+03   1.3057429e-02
   1.6580000e+03   1.3205714e-02
   1.6560000e+03   1.3350714e-02
   1.6540000e+03   1.3490143e-02
   1.6520000e+03   1.3635714e-02
   1.6500000e+03   1.3785571e-02
   1.6480000e+03   1.3924286e-02
   1.6460000e+03   1.4060857e-02
   1.6440000e+03   1.4205286e-02
   1.6420000e+03   1.4343571e-02
   1.6400000e+03   1.4477000e-02
   1.6380000e+03   1.4615286e-02
   1.6360000e+03   1.4770286e-02
   1.6340000e+03   1.4975000e-02
   1.6320000e+03   1.5243857e-02
   1.6300000e+03   1.5563000e-02
   1.6280000e+03   1.5925286e-02
   1.6260000e+03   1.6333857e-02
   1.6240000e+03   1.6780857e-02
   1.6220000e+03   1.7238143e-02
   1.6200000e+03   1.7666714e-02
   1.6180000e+03   1.8029857e-02
   1.6160000e+03   1.8307714e-02
   1.6140000e+03   1.8502286e-02
   1.6120000e+03   1.8613571e-02
   1.6100000e+03   1.8625857e-02
   1.6080000e+03   1.8539286e-02
   1.6060000e+03   1.8378571e-02
   1.6040000e+03   1.8170429e-02
   1.6020000e+03   1.7934714e-02
   1.6000000e+03   1.7694143e-02
   1.5980000e+03   1.7469429e-02
   1.5960000e+03   1.7282143e-02
   1.5940000e+03   1.7145714e-02
   1.5920000e+03   1.7061286e-02
   1.5900000e+03   1.7023286e-02
   1.5880000e+03   1.7032429e-02
   1.5860000e+03   1.7100000e-02
   1.5840000e+03   1.7228714e-02
   1.5820000e+03   1.7402714e-02
   1.5800000e+03   1.7607000e-02
   1.5780000e+03   1.7837714e-02
   1.5760000e+03   1.8110143e-02
   1.5740000e+03   1.8440714e-02
   1.5720000e+03   1.8821000e-02
   1.5700000e+03   1.9237286e-02
   1.5680000e+03   1.9687000e-02
   1.5660000e+03   2.0171429e-02
   1.5640000e+03   2.0699000e-02
   1.5620000e+03   2.1271429e-02
   1.5600000e+03   2.1888000e-02
   1.5580000e+03   2.2553857e-02
   1.5560000e+03   2.3267143e-02
   1.5540000e+03   2.4011000e-02
   1.5520000e+03   2.4783000e-02
   1.5500000e+03   2.5599429e-02
   1.5480000e+03   2.6466429e-02
   1.5460000e+03   2.7373286e-02
   1.5440000e+03   2.8309857e-02
   1.5420000e+03   2.9277429e-02
   1.5400000e+03   3.0306286e-02
   1.5380000e+03   3.1406286e-02
   1.5360000e+03   3.2536286e-02
   1.5340000e+03   3.3679286e-02
   1.5320000e+03   3.4822857e-02
   1.5300000e+03   3.5959000e-02
   1.5280000e+03   3.7088000e-02
   1.5260000e+03   3.8205714e-02
   1.5240000e+03   3.9305857e-02
   1.5220000e+03   4.0376286e-02
   1.5200000e+03   4.1413857e-02
   1.5180000e+03   4.2427857e-02
   1.5160000e+03   4.3422857e-02
   1.5140000e+03   4.4383857e-02
   1.5120000e+03   4.5296143e-02
   1.5100000e+03   4.6155286e-02
   1.5080000e+03   4.6973714e-02
   1.5060000e+03   4.7766286e-02
   1.5040000e+03   4.8484000e-02
   1.5020000e+03   4.9099714e-02
   1.5000000e+03   4.9613286e-02
   1.4980000e+03   5.0035000e-02
   1.4960000e+03   5.0375000e-02
   1.4940000e+03   5.0632571e-02
   1.4920000e+03   5.0807714e-02
   1.4900000e+03   5.0911000e-02
   1.4880000e+03   5.0958857e-02
   1.4860000e+03   5.0958571e-02
   1.4840000e+03   5.0911857e-02
   1.4820000e+03   5.0817000e-02
   1.4800000e+03   5.0676571e-02
   1.4780000e+03   5.0485571e-02
   1.4760000e+03   5.0249571e-02
   1.4740000e+03   4.9998000e-02
   1.4720000e+03   4.9758000e-02
   1.4700000e+03   4.9544429e-02
   1.4680000e+03   4.9366286e-02
   1.4660000e+03   4.9231286e-02
   1.4640000e+03   4.9144571e-02
   1.4620000e+03   4.9098571e-02
   1.4600000e+03   4.9074571e-02
   1.4580000e+03   4.9053000e-02
   1.4560000e+03   4.9030571e-02
   1.4540000e+03   4.8998571e-02
   1.4520000e+03   4.8923000e-02
   1.4500000e+03   4.8788429e-02
   1.4480000e+03   4.8596714e-02
   1.4460000e+03   4.8349000e-02
   1.4440000e+03   4.8038714e-02
   1.4420000e+03   4.7663143e-02
   1.4400000e+03   4.7228857e-02
   1.4380000e+03   4.6748571e-02
   1.4360000e+03   4.6230571e-02
   1.4340000e+03   4.5665286e-02
   1.4320000e+03   4.5032143e-02
   1.4300000e+03   4.4328714e-02
   1.4280000e+03   4.3561857e-02
   1.4260000e+03   4.2729286e-02
   1.4240000e+03   4.1828000e-02
   1.4220000e+03   4.0867286e-02
   1.4200000e+03   3.9857714e-02
   1.4180000e+03   3.8816000e-02
   1.4160000e+03   3.7766714e-02
   1.4140000e+03   3.6717571e-02
   1.4120000e+03   3.5677714e-02
   1.4100000e+03   3.4665857e-02
   1.4080000e+03   3.3702714e-02
   1.4060000e+03   3.2806571e-02
   1.4040000e+03   3.1988000e-02
   1.4020000e+03   3.1248857e-02
   1.4000000e+03   3.0588571e-02
   1.3980000e+03   3.0009857e-02
   1.3960000e+03   2.9518000e-02
   1.3940000e+03   2.9114000e-02
   1.3920000e+03   2.8787000e-02
   1.3900000e+03   2.8511143e-02
   1.3880000e+03   2.8271000e-02
   1.3860000e+03   2.8058714e-02
   1.3840000e+03   2.7857857e-02
   1.3820000e+03   2.7662429e-02
   1.3800000e+03   2.7479286e-02
   1.3780000e+03   2.7311714e-02
   1.3760000e+03   2.7161286e-02
   1.3740000e+03   2.7033000e-02
   1.3720000e+03   2.6933571e-02
   1.3700000e+03   2.6864000e-02
   1.3680000e+03   2.6824571e-02
   1.3660000e+03   2.6816571e-02
   1.3640000e+03   2.6833143e-02
   1.3620000e+03   2.6865286e-02
   1.3600000e+03   2.6908000e-02
   1.3580000e+03   2.6959286e-02
   1.3560000e+03   2.7019000e-02
   1.3540000e+03   2.7089286e-02
   1.3520000e+03   2.7168429e-02
   1.3500000e+03   2.7251286e-02
   1.3480000e+03   2.7334429e-02
   1.3460000e+03   2.7413286e-02
   1.3440000e+03   2.7486000e-02
   1.3420000e+03   2.7555143e-02
   1.3400000e+03   2.7626571e-02
   1.3380000e+03   2.7697286e-02
   1.3360000e+03   2.7754143e-02
   1.3340000e+03   2.7798714e-02
   1.3320000e+03   2.7842571e-02
   1.3300000e+03   2.7889857e-02
   1.3280000e+03   2.7939429e-02
   1.3260000e+03   2.7986857e-02
   1.3240000e+03   2.8026857e-02
   1.3220000e+03   2.8060714e-02
   1.3200000e+03   2.8100857e-02
   1.3180000e+03   2.8154857e-02
   1.3160000e+03   2.8215571e-02
   1.3140000e+03   2.8278571e-02
   1.3120000e+03   2.8349857e-02
   1.3100000e+03   2.8434286e-02
   1.3080000e+03   2.8527286e-02
   1.3060000e+03   2.8622286e-02
   1.3040000e+03   2.8715714e-02
   1.3020000e+03   2.8810286e-02
   1.3000000e+03   2.8915429e-02
   1.2980000e+03   2.9033714e-02
   1.2960000e+03   2.9152143e-02
   1.2940000e+03   2.9260286e-02
   1.2920000e+03   2.9362143e-02
   1.2900000e+03   2.9467429e-02
   1.2880000e+03   2.9578857e-02
   1.2860000e+03   2.9690571e-02
   1.2840000e+03   2.9805571e-02
   1.2820000e+03   2.9929286e-02
   1.2800000e+03   3.0066714e-02
   1.2780000e+03   3.0223286e-02
   1.2760000e+03   3.0399857e-02
   1.2740000e+03   3.0595286e-02
   1.2720000e+03   3.0804857e-02
   1.2700000e+03   3.1014143e-02
   1.2680000e+03   3.1209143e-02
   1.2660000e+03   3.1394286e-02
   1.2640000e+03   3.1579571e-02
   1.2620000e+03   3.1762143e-02
   1.2600000e+03   3.1933000e-02
   1.2580000e+03   3.2087429e-02
   1.2560000e+03   3.2229000e-02
   1.2540000e+03   3.2368286e-02
   1.2520000e+03   3.2512000e-02
   1.2500000e+03   3.2658857e-02
   1.2480000e+03   3.2807000e-02
   1.2460000e+03   3.2963286e-02
   1.2440000e+03   3.3139714e-02
   1.2420000e+03   3.3342286e-02
   1.2400000e+03   3.3571286e-02
   1.2380000e+03   3.3834143e-02
   1.2360000e+03   3.4148571e-02
   1.2340000e+03   3.4524714e-02
   1.2320000e+03   3.4964286e-02
   1.2300000e+03   3.5476286e-02
   1.2280000e+03   3.6080857e-02
   1.2260000e+03   3.6795571e-02
   1.2240000e+03   3.7624429e-02
   1.2220000e+03   3.8562714e-02
   1.2200000e+03   3.9608286e-02
   1.2180000e+03   4.0757429e-02
   1.2160000e+03   4.2000143e-02
   1.2140000e+03   4.3323429e-02
   1.2120000e+03   4.4701000e-02
   1.2100000e+03   4.6098000e-02
   1.2080000e+03   4.7484429e-02
   1.2060000e+03   4.8839000e-02
   1.2040000e+03   5.0142429e-02
   1.2020000e+03   5.1379143e-02
   1.2000000e+03   5.2533857e-02
   1.1980000e+03   5.3594143e-02
   1.1960000e+03   5.4560714e-02
   1.1940000e+03   5.5441714e-02
   1.1920000e+03   5.6248571e-02
   1.1900000e+03   5.6990857e-02
   1.1880000e+03   5.7674714e-02
   1.1860000e+03   5.8310286e-02
   1.1840000e+03   5.8914000e-02
   1.1820000e+03   5.9496714e-02
   1.1800000e+03   6.0044143e-02
   1.1780000e+03   6.0537714e-02
   1.1760000e+03   6.0990286e-02
   1.1740000e+03   6.1426000e-02
   1.1720000e+03   6.1846286e-02
   1.1700000e+03   6.2243571e-02
   1.1680000e+03   6.2616429e-02
   1.1660000e+03   6.2970714e-02
   1.1640000e+03   6.3324714e-02
   1.1620000e+03   6.3691714e-02
   1.1600000e+03   6.4068286e-02
   1.1580000e+03   6.4447000e-02
   1.1560000e+03   6.4821143e-02
   1.1540000e+03   6.5191000e-02
   1.1520000e+03   6.5553429e-02
   1.1500000e+03   6.5905143e-02
   1.1480000e+03   6.6256286e-02
   1.1460000e+03   6.6611143e-02
   1.1440000e+03   6.6968143e-02
   1.1420000e+03   6.7336429e-02
   1.1400000e+03   6.7722000e-02
   1.1380000e+03   6.8125429e-02
   1.1360000e+03   6.8561571e-02
   1.1340000e+03   6.9047714e-02
   1.1320000e+03   6.9584857e-02
   1.1300000e+03   7.0168286e-02
   1.1280000e+03   7.0793286e-02
   1.1260000e+03   7.1454429e-02
   1.1240000e+03   7.2149429e-02
   1.1220000e+03   7.2865286e-02
   1.1200000e+03   7.3575714e-02
   1.1180000e+03   7.4248714e-02
   1.1160000e+03   7.4849857e-02
   1.1140000e+03   7.5351000e-02
   1.1120000e+03   7.5729286e-02
   1.1100000e+03   7.5956857e-02
   1.1080000e+03   7.5993714e-02
   1.1060000e+03   7.5794857e-02
   1.1040000e+03   7.5321571e-02
   1.1020000e+03   7.4551429e-02
   1.1000000e+03   7.3472286e-02
   1.0980000e+03   7.2069857e-02
   1.0960000e+03   7.0339143e-02
   1.0940000e+03   6.8318857e-02
   1.0920000e+03   6.6106000e-02
   1.0900000e+03   6.3802429e-02
   1.0880000e+03   6.1476571e-02
   1.0860000e+03   5.9177429e-02
   1.0840000e+03   5.6948143e-02
   1.0820000e+03   5.4830714e-02
   1.0800000e+03   5.2855286e-02
   1.0780000e+03   5.1033429e-02
   1.0760000e+03   4.9359714e-02
   1.0740000e+03   4.7809286e-02
   1.0720000e+03   4.6357000e-02
   1.0700000e+03   4.5004714e-02
   1.0680000e+03   4.3765571e-02
   1.0660000e+03   4.2627714e-02
   1.0640000e+03   4.1573000e-02
   1.0620000e+03   4.0590429e-02
   1.0600000e+03   3.9662571e-02
   1.0580000e+03   3.8778143e-02
   1.0560000e+03   3.7945429e-02
   1.0540000e+03   3.7166286e-02
   1.0520000e+03   3.6428714e-02
   1.0500000e+03   3.5724286e-02
   1.0480000e+03   3.5049000e-02
   1.0460000e+03   3.4397571e-02
   1.0440000e+03   3.3767571e-02
   1.0420000e+03   3.3158571e-02
   1.0400000e+03   3.2570143e-02
   1.0380000e+03   3.1998000e-02
   1.0360000e+03   3.1445000e-02
   1.0340000e+03   3.0920857e-02
   1.0320000e+03   3.0441714e-02
   1.0300000e+03   3.0015429e-02
   1.0280000e+03   2.9632429e-02
   1.0260000e+03   2.9276286e-02
   1.0240000e+03   2.8939571e-02
   1.0220000e+03   2.8618286e-02
   1.0200000e+03   2.8305143e-02
   1.0180000e+03   2.7991714e-02
   1.0160000e+03   2.7669143e-02
   1.0140000e+03   2.7315714e-02
   1.0120000e+03   2.6919857e-02
   1.0100000e+03   2.6495857e-02
   1.0080000e+03   2.6059429e-02
   1.0060000e+03   2.5615857e-02
   1.0040000e+03   2.5169429e-02
   1.0020000e+03   2.4729429e-02
   1.0000000e+03   2.4310429e-02
   9.9800000e+02   2.3923714e-02
   9.9600000e+02   2.3572286e-02
   9.9400000e+02   2.3260429e-02
   9.9200000e+02   2.2971143e-02
   9.9000000e+02   2.2701143e-02
   9.8800000e+02   2.2456286e-02
   9.8600000e+02   2.2235714e-02
   9.8400000e+02   2.2028000e-02
   9.8200000e+02   2.1829571e-02
   9.8000000e+02   2.1638429e-02
   9.7800000e+02   2.1454000e-02
   9.7600000e+02   2.1281000e-02
   9.7400000e+02   2.1111571e-02
   9.7200000e+02   2.0935286e-02
   9.7000000e+02   2.0751857e-02
   9.6800000e+02   2.0569000e-02
   9.6600000e+02   2.0394286e-02
   9.6400000e+02   2.0231286e-02
   9.6200000e+02   2.0078857e-02
   9.6000000e+02   1.9930286e-02
   9.5800000e+02   1.9786286e-02
   9.5600000e+02   1.9654143e-02
   9.5400000e+02   1.9539571e-02
   9.5200000e+02   1.9446286e-02
   9.5000000e+02   1.9377857e-02
   9.4800000e+02   1.9319429e-02
   9.4600000e+02   1.9253286e-02
   9.4400000e+02   1.9181000e-02
   9.4200000e+02   1.9104000e-02
   9.4000000e+02   1.9018714e-02
   9.3800000e+02   1.8926286e-02
   9.3600000e+02   1.8828571e-02
   9.3400000e+02   1.8728429e-02
   9.3200000e+02   1.8636857e-02
   9.3000000e+02   1.8573857e-02
   9.2800000e+02   1.8553143e-02
   9.2600000e+02   1.8564857e-02
   9.2400000e+02   1.8589571e-02
   9.2200000e+02   1.8624429e-02
   9.2000000e+02   1.8672571e-02
   9.1800000e+02   1.8736571e-02
   9.1600000e+02   1.8803286e-02
   9.1400000e+02   1.8850429e-02
   9.1200000e+02   1.8885857e-02
   9.1000000e+02   1.8931286e-02
   9.0800000e+02   1.8996571e-02
   9.0600000e+02   1.9096571e-02
   9.0400000e+02   1.9241571e-02
   9.0200000e+02   1.9424857e-02
   9.0000000e+02   1.9649714e-02
   8.9800000e+02   1.9930429e-02
   8.9600000e+02   2.0280571e-02
   8.9400000e+02   2.0700000e-02
   8.9200000e+02   2.1188571e-02
   8.9000000e+02   2.1750714e-02
   8.8800000e+02   2.2382857e-02
   8.8600000e+02   2.3074429e-02
   8.8400000e+02   2.3809143e-02
   8.8200000e+02   2.4553286e-02
   8.8000000e+02   2.5248857e-02
   8.7800000e+02   2.5820000e-02
   8.7600000e+02   2.6206143e-02
   8.7400000e+02   2.6359857e-02
   8.7200000e+02   2.6243286e-02
   8.7000000e+02   2.5853571e-02
   8.6800000e+02   2.5215143e-02
   8.6600000e+02   2.4379857e-02
   8.6400000e+02   2.3425143e-02
   8.6200000e+02   2.2427714e-02
   8.6000000e+02   2.1451000e-02
   8.5800000e+02   2.0563714e-02
   8.5600000e+02   1.9832000e-02
   8.5400000e+02   1.9296000e-02
   8.5200000e+02   1.8984571e-02
   8.5000000e+02   1.8908143e-02
   8.4800000e+02   1.9027000e-02
   8.4600000e+02   1.9290000e-02
   8.4400000e+02   1.9660857e-02
   8.4200000e+02   2.0106571e-02
   8.4000000e+02   2.0594000e-02
   8.3800000e+02   2.1088571e-02
   8.3600000e+02   2.1546571e-02
   8.3400000e+02   2.1938286e-02
   8.3200000e+02   2.2269429e-02
   8.3000000e+02   2.2562571e-02
   8.2800000e+02   2.2817429e-02
   8.2600000e+02   2.3020571e-02
   8.2400000e+02   2.3172571e-02
   8.2200000e+02   2.3285429e-02
   8.2000000e+02   2.3371143e-02
   8.1800000e+02   2.3430714e-02
   8.1600000e+02   2.3459000e-02
   8.1400000e+02   2.3471857e-02
   8.1200000e+02   2.3479000e-02
   8.1000000e+02   2.3465714e-02
   8.0800000e+02   2.3419571e-02
   8.0600000e+02   2.3355429e-02
   8.0400000e+02   2.3309000e-02
   8.0200000e+02   2.3305714e-02
   8.0000000e+02   2.3352571e-02
   7.9800000e+02   2.3443571e-02
   7.9600000e+02   2.3574000e-02
   7.9400000e+02   2.3750857e-02
   7.9200000e+02   2.3969714e-02
   7.9000000e+02   2.4223429e-02
   7.8800000e+02   2.4496000e-02
   7.8600000e+02   2.4754571e-02
   7.8400000e+02   2.4987429e-02
   7.8200000e+02   2.5188714e-02
   7.8000000e+02   2.5334429e-02
   7.7800000e+02   2.5425286e-02
   7.7600000e+02   2.5495857e-02
   7.7400000e+02   2.5564571e-02
   7.7200000e+02   2.5631000e-02
   7.7000000e+02   2.5695571e-02
   7.6800000e+02   2.5778286e-02
   7.6600000e+02   2.5916714e-02
   7.6400000e+02   2.6144286e-02
   7.6200000e+02   2.6454714e-02
   7.6000000e+02   2.6841571e-02
   7.5800000e+02   2.7310857e-02
   7.5600000e+02   2.7870714e-02
   7.5400000e+02   2.8502857e-02
   7.5200000e+02   2.9139714e-02
   7.5000000e+02   2.9739286e-02
   7.4800000e+02   3.0296857e-02
   7.4600000e+02   3.0779714e-02
   7.4400000e+02   3.1129286e-02
   7.4200000e+02   3.1317714e-02
   7.4000000e+02   3.1333857e-02
   7.3800000e+02   3.1217286e-02
   7.3600000e+02   3.1053714e-02
   7.3400000e+02   3.0874143e-02
   7.3200000e+02   3.0692714e-02
   7.3000000e+02   3.0602714e-02
   7.2800000e+02   3.0666143e-02
   7.2600000e+02   3.0838857e-02
   7.2400000e+02   3.1086143e-02
   7.2200000e+02   3.1455857e-02
   7.2000000e+02   3.1964857e-02
   7.1800000e+02   3.2586857e-02
   7.1600000e+02   3.3299429e-02
   7.1400000e+02   3.3965286e-02
   7.1200000e+02   3.4466857e-02
   7.1000000e+02   3.4701429e-02
   7.0800000e+02   3.4404286e-02
   7.0600000e+02   3.3303143e-02
   7.0400000e+02   3.1556571e-02
   7.0200000e+02   2.9327857e-02
   7.0000000e+02   2.6913143e-02
